-32 -16 1
-32 16 1
-24 -14 16
-24 14 16
-20 -12 32
-20 12 32
-16 -12 88
-16 -10 96
-16 -8 24
-16 0 8
-16 8 24
-16 10 96
-16 12 88
-12 -10 256
-12 -8 256
-12 -6 192
-12 -4 96
-12 -2 64
-12 2 64
-12 4 96
-12 6 192
-12 8 256
-12 10 256
-8 -10 208
-8 -8 736
-8 -6 688
-8 -4 704
-8 -2 624
-8 0 768
-8 2 624
-8 4 704
-8 6 688
-8 8 736
-8 10 208
-4 -8 576
-4 -6 1664
-4 -4 1824
-4 -2 1920
-4 0 1600
-4 2 1920
-4 4 1824
-4 6 1664
-4 8 576
0 -8 228
0 -6 1248
0 -4 2928
0 -2 3680
0 0 4356
0 2 3680
0 4 2928
0 6 1248
0 8 228
4 -6 448
4 -4 1568
4 -2 3136
4 0 3264
4 2 3136
4 4 1568
4 6 448
8 -6 128
8 -4 768
8 -2 1392
8 0 2112
8 2 1392
8 4 768
8 6 128
12 -4 64
12 -2 512
12 0 576
12 2 512
12 4 64
16 -4 56
16 -2 96
16 0 120
16 2 96
16 4 56
20 0 64
24 -2 16
24 2 16
32 0 2
