-50 -25 1
-50 25 1
-42 -23 25
-42 23 25
-38 -21 50
-38 21 50
-34 -21 250
-34 -19 150
-34 -17 25
-34 17 25
-34 19 150
-34 21 250
-30 -19 850
-30 -17 450
-30 -15 210
-30 -13 50
-30 -5 10
-30 5 10
-30 13 50
-30 15 210
-30 17 450
-30 19 850
-26 -19 1300
-26 -17 2875
-26 -15 1650
-26 -13 1100
-26 -11 650
-26 -9 250
-26 -7 125
-26 -3 100
-26 -1 100
-26 1 100
-26 3 100
-26 7 125
-26 9 250
-26 11 650
-26 13 1100
-26 15 1650
-26 17 2875
-26 19 1300
-22 -17 5450
-22 -15 8850
-22 -13 6550
-22 -11 4800
-22 -9 3950
-22 -7 2750
-22 -5 2300
-22 -3 1400
-22 -1 1200
-22 1 1200
-22 3 1400
-22 5 2300
-22 7 2750
-22 9 3950
-22 11 4800
-22 13 6550
-22 15 8850
-22 17 5450
-18 -17 3850
-18 -15 18675
-18 -13 26350
-18 -11 24350
-18 -9 20125
-18 -7 18075
-18 -5 15350
-18 -3 14850
-18 -1 14275
-18 1 14275
-18 3 14850
-18 5 15350
-18 7 18075
-18 9 20125
-18 11 24350
-18 13 26350
-18 15 18675
-18 17 3850
-14 -15 17000
-14 -13 53900
-14 -11 75450
-14 -9 79850
-14 -7 75450
-14 -5 72250
-14 -3 68250
-14 -1 65300
-14 1 65300
-14 3 68250
-14 5 72250
-14 7 75450
-14 9 79850
-14 11 75450
-14 13 53900
-14 15 17000
-10 -15 6745
-10 -13 53900
-10 -11 134600
-10 -9 196500
-10 -7 228425
-10 -5 239470
-10 -3 241900
-10 -1 246500
-10 1 246500
-10 3 241900
-10 5 239470
-10 7 228425
-10 9 196500
-10 11 134600
-10 13 53900
-10 15 6745
-6 -13 28150
-6 -11 135150
-6 -9 291850
-6 -7 433650
-6 -5 530800
-6 -3 589550
-6 -1 606000
-6 1 606000
-6 3 589550
-6 5 530800
-6 7 433650
-6 9 291850
-6 11 135150
-6 13 28150
-2 -13 7100
-2 -11 75200
-2 -9 270675
-2 -7 538325
-2 -5 789500
-2 -3 966500
-2 -1 1068600
-2 1 1068600
-2 3 966500
-2 5 789500
-2 7 538325
-2 9 270675
-2 11 75200
-2 13 7100
2 -11 26050
2 -9 148550
2 -7 422350
2 -5 776100
2 -3 1084300
2 -1 1249600
2 1 1249600
2 3 1084300
2 5 776100
2 7 422350
2 9 148550
2 11 26050
6 -11 4450
6 -9 54475
6 -7 220750
6 -5 507100
6 -3 823500
6 -1 1027975
6 1 1027975
6 3 823500
6 5 507100
6 7 220750
6 9 54475
6 11 4450
10 -9 13800
10 -7 76800
10 -5 231620
10 -3 428450
10 -1 572200
10 1 572200
10 3 428450
10 5 231620
10 7 76800
10 9 13800
14 -9 1550
14 -7 22225
14 -5 77900
14 -3 169600
14 -1 240800
14 1 240800
14 3 169600
14 5 77900
14 7 22225
14 9 1550
18 -7 3800
18 -5 21500
18 -3 52650
18 -1 79200
18 1 79200
18 3 52650
18 5 21500
18 7 3800
22 -7 250
22 -5 4450
22 -3 13400
22 -1 23275
22 1 23275
22 3 13400
22 5 4450
22 7 250
26 -5 400
26 -3 2700
26 -1 4300
26 1 4300
26 3 2700
26 5 400
30 -5 10
30 -3 250
30 -1 975
30 1 975
30 3 250
30 5 10
