-98 -49 1
-98 49 1
-90 -47 49
-90 47 49
-86 -45 98
-86 45 98
-82 -45 1078
-82 -43 294
-82 -41 49
-82 41 49
-82 43 294
-82 45 1078
-78 -43 4018
-78 -41 882
-78 -39 392
-78 -37 98
-78 37 98
-78 39 392
-78 41 882
-78 43 4018
-74 -43 14112
-74 -41 15043
-74 -39 4508
-74 -37 1960
-74 -35 1078
-74 -33 294
-74 -31 49
-74 31 49
-74 33 294
-74 35 1078
-74 37 1960
-74 39 4508
-74 41 15043
-74 43 14112
-70 -41 73010
-70 -39 52430
-70 -37 25480
-70 -35 11480
-70 -33 6566
-70 -31 3528
-70 -29 1470
-70 -27 392
-70 -25 98
-70 -21 14
-70 -7 14
-70 7 14
-70 21 14
-70 25 98
-70 27 392
-70 29 1470
-70 31 3528
-70 33 6566
-70 35 11480
-70 37 25480
-70 39 52430
-70 41 73010
-66 -41 122892
-66 -39 316687
-66 -37 204820
-66 -35 124950
-66 -33 73353
-66 -31 41062
-66 -29 25186
-66 -27 15386
-66 -25 7595
-66 -23 3528
-66 -21 1078
-66 -19 490
-66 -17 245
-66 -15 196
-66 -13 196
-66 -11 196
-66 -9 196
-66 -5 196
-66 -3 196
-66 -1 196
-66 1 196
-66 3 196
-66 5 196
-66 9 196
-66 11 196
-66 13 196
-66 15 196
-66 17 245
-66 19 490
-66 21 1078
-66 23 3528
-66 25 7595
-66 27 15386
-66 29 25186
-66 31 41062
-66 33 73353
-66 35 124950
-66 37 204820
-66 39 316687
-66 41 122892
-62 -39 778414
-62 -37 1214024
-62 -35 880040
-62 -33 586334
-62 -31 406308
-62 -29 264502
-62 -27 171402
-62 -25 116130
-62 -23 75264
-62 -21 48706
-62 -19 27832
-62 -17 15876
-62 -15 9506
-62 -13 6664
-62 -11 5586
-62 -9 5390
-62 -7 6468
-62 -5 5390
-62 -3 5194
-62 -1 5194
-62 1 5194
-62 3 5194
-62 5 5390
-62 7 6468
-62 9 5390
-62 11 5586
-62 13 6664
-62 15 9506
-62 17 15876
-62 19 27832
-62 21 48706
-62 23 75264
-62 25 116130
-62 27 171402
-62 29 264502
-62 31 406308
-62 33 586334
-62 35 880040
-62 37 1214024
-62 39 778414
-58 -39 754453
-58 -37 3720080
-58 -35 4573170
-58 -33 3759868
-58 -31 2784670
-58 -29 2071132
-58 -27 1523900
-58 -25 1106371
-58 -23 802963
-58 -21 583492
-58 -19 431102
-58 -17 318108
-58 -15 234661
-58 -13 175028
-58 -11 137396
-58 -9 112994
-58 -7 98049
-58 -5 94472
-58 -3 95256
-58 -1 94227
-58 1 94227
-58 3 95256
-58 5 94472
-58 7 98049
-58 9 112994
-58 11 137396
-58 13 175028
-58 15 234661
-58 17 318108
-58 19 431102
-58 21 583492
-58 23 802963
-58 25 1106371
-58 27 1523900
-58 29 2071132
-58 31 2784670
-58 33 3759868
-58 35 4573170
-58 37 3720080
-58 39 754453
-54 -37 5438412
-54 -35 15098762
-54 -33 17447528
-54 -31 15558284
-54 -29 12794292
-54 -27 10211110
-54 -25 8068242
-54 -23 6404006
-54 -21 5047098
-54 -19 4003790
-54 -17 3184314
-54 -15 2576714
-54 -13 2131206
-54 -11 1787814
-54 -9 1553594
-54 -7 1376116
-54 -5 1264200
-54 -3 1170218
-54 -1 1140132
-54 1 1140132
-54 3 1170218
-54 5 1264200
-54 7 1376116
-54 9 1553594
-54 11 1787814
-54 13 2131206
-54 15 2576714
-54 17 3184314
-54 19 4003790
-54 21 5047098
-54 23 6404006
-54 25 8068242
-54 27 10211110
-54 29 12794292
-54 31 15558284
-54 33 17447528
-54 35 15098762
-54 37 5438412
-50 -37 3378942
-50 -35 27568380
-50 -33 56612983
-50 -31 66056361
-50 -29 62896302
-50 -27 55863234
-50 -25 47948705
-50 -23 40385065
-50 -21 34069504
-50 -19 28642068
-50 -17 24316152
-50 -15 20743121
-50 -13 17858736
-50 -11 15676276
-50 -9 13946380
-50 -7 12764206
-50 -5 11870054
-50 -3 11434444
-50 -1 11160044
-50 1 11160044
-50 3 11434444
-50 5 11870054
-50 7 12764206
-50 9 13946380
-50 11 15676276
-50 13 17858736
-50 15 20743121
-50 17 24316152
-50 19 28642068
-50 21 34069504
-50 23 40385065
-50 25 47948705
-50 27 55863234
-50 29 62896302
-50 31 66056361
-50 33 56612983
-50 35 27568380
-50 37 3378942
-46 -35 26361412
-46 -33 114931362
-46 -31 203462798
-46 -29 243324200
-46 -27 246327606
-46 -25 232585164
-46 -23 212031918
-46 -21 189511518
-46 -19 168545006
-46 -17 149373854
-46 -15 133070476
-46 -13 119493556
-46 -11 108176222
-46 -9 99356124
-46 -7 92333052
-46 -5 87454906
-46 -3 83961206
-46 -1 82418588
-46 1 82418588
-46 3 83961206
-46 5 87454906
-46 7 92333052
-46 9 99356124
-46 11 108176222
-46 13 119493556
-46 15 133070476
-46 17 149373854
-46 19 168545006
-46 21 189511518
-46 23 212031918
-46 25 232585164
-46 27 246327606
-46 29 243324200
-46 31 203462798
-46 33 114931362
-46 35 26361412
-42 -35 11281312
-42 -33 137408593
-42 -31 426114584
-42 -29 704790422
-42 -27 866003068
-42 -25 924391321
-42 -23 921160653
-42 -21 883758456
-42 -19 830471600
-42 -17 773173842
-42 -15 717136021
-42 -13 665803180
-42 -11 621469744
-42 -9 584257674
-42 -7 554935542
-42 -5 533006320
-42 -3 518901866
-42 -1 511693231
-42 1 511693231
-42 3 518901866
-42 5 533006320
-42 7 554935542
-42 9 584257674
-42 11 621469744
-42 13 665803180
-42 15 717136021
-42 17 773173842
-42 19 830471600
-42 21 883758456
-42 23 921160653
-42 25 924391321
-42 27 866003068
-42 29 704790422
-42 31 426114584
-42 33 137408593
-42 35 11281312
-38 -33 91668906
-38 -31 573287652
-38 -29 1459167570
-38 -27 2340531452
-38 -25 2957090318
-38 -23 3300291022
-38 -21 3445073870
-38 -19 3456678246
-38 -17 3390391536
-38 -15 3282599474
-38 -13 3159804690
-38 -11 3037375446
-38 -9 2925456310
-38 -7 2831709314
-38 -5 2757952260
-38 -3 2708209812
-38 -1 2682690906
-38 1 2682690906
-38 3 2708209812
-38 5 2757952260
-38 7 2831709314
-38 9 2925456310
-38 11 3037375446
-38 13 3159804690
-38 15 3282599474
-38 17 3390391536
-38 19 3456678246
-38 21 3445073870
-38 23 3300291022
-38 25 2957090318
-38 27 2340531452
-38 29 1459167570
-38 31 573287652
-38 33 91668906
-34 -33 28482279
-34 -31 478277436
-34 -29 2068113992
-34 -27 4680154150
-34 -25 7409844582
-34 -23 9612534134
-34 -21 11145255408
-34 -19 12101616436
-34 -17 12615505455
-34 -15 12828393648
-34 -13 12842132562
-34 -11 12741813196
-34 -9 12590749969
-34 -7 12424999923
-34 -5 12283504240
-34 -3 12176920812
-34 -1 12123113569
-34 1 12123113569
-34 3 12176920812
-34 5 12283504240
-34 7 12424999923
-34 9 12590749969
-34 11 12741813196
-34 13 12842132562
-34 15 12828393648
-34 17 12615505455
-34 19 12101616436
-34 21 11145255408
-34 23 9612534134
-34 25 7409844582
-34 27 4680154150
-34 29 2068113992
-34 31 478277436
-34 33 28482279
-30 -31 233546446
-30 -29 1950500958
-30 -27 6701109758
-30 -25 14092033676
-30 -23 22215738482
-30 -21 29503016326
-30 -19 35331122876
-30 -17 39663512854
-30 -15 42693476854
-30 -13 44714217744
-30 -11 45982856850
-30 -9 46720369472
-30 -7 47121796876
-30 -5 47302772790
-30 -3 47378276302
-30 -1 47396449520
-30 1 47396449520
-30 3 47378276302
-30 5 47302772790
-30 7 47121796876
-30 9 46720369472
-30 11 45982856850
-30 13 44714217744
-30 15 42693476854
-30 17 39663512854
-30 19 35331122876
-30 21 29503016326
-30 23 22215738482
-30 25 14092033676
-30 27 6701109758
-30 29 1950500958
-30 31 233546446
-26 -31 54916456
-26 -29 1190334950
-26 -27 6718857068
-26 -25 19835793096
-26 -23 39742244878
-26 -21 62620669356
-26 -19 84816292456
-26 -17 104294805825
-26 -15 120322675886
-26 -13 132910084300
-26 -11 142465834098
-26 -9 149491355510
-26 -7 154460649938
-26 -5 157819863264
-26 -3 159871431132
-26 -1 160848006326
-26 1 160848006326
-26 3 159871431132
-26 5 157819863264
-26 7 154460649938
-26 9 149491355510
-26 11 142465834098
-26 13 132910084300
-26 15 120322675886
-26 17 104294805825
-26 19 84816292456
-26 21 62620669356
-26 23 39742244878
-26 25 19835793096
-26 27 6718857068
-26 29 1190334950
-26 31 54916456
-22 -29 442094758
-22 -27 4641933562
-22 -25 20308790782
-22 -23 53934546666
-22 -21 104409790548
-22 -19 164538003364
-22 -17 226303527562
-22 -15 284041074674
-22 -13 334626733098
-22 -11 376818494052
-22 -9 410570888770
-22 -7 436383342892
-22 -5 454933458308
-22 -3 466883162592
-22 -1 472724737184
-22 1 472724737184
-22 3 466883162592
-22 5 454933458308
-22 7 436383342892
-22 9 410570888770
-22 11 376818494052
-22 13 334626733098
-22 15 284041074674
-22 17 226303527562
-22 19 164538003364
-22 21 104409790548
-22 23 53934546666
-22 25 20308790782
-22 27 4641933562
-22 29 442094758
-18 -29 81442802
-18 -27 2151735432
-18 -25 14973442001
-18 -23 54841738938
-18 -21 134667926372
-18 -19 253711066336
-18 -17 399218440194
-18 -15 554654900632
-18 -13 705971778386
-18 -11 843373641138
-18 -9 960996966265
-18 -7 1055973325960
-18 -5 1127179098136
-18 -3 1174481789978
-18 -1 1198042870745
-18 1 1198042870745
-18 3 1174481789978
-18 5 1127179098136
-18 7 1055973325960
-18 9 960996966265
-18 11 843373641138
-18 13 705971778386
-18 15 554654900632
-18 17 399218440194
-18 19 253711066336
-18 21 134667926372
-18 23 54841738938
-18 25 14973442001
-18 27 2151735432
-18 29 81442802
-14 -27 628058676
-14 -25 7857691156
-14 -23 41498541980
-14 -21 133175377020
-14 -19 307362613698
-14 -17 565083112188
-14 -15 884714898704
-14 -13 1233881528614
-14 -11 1580722719954
-14 -9 1899269459290
-14 -7 2170626023860
-14 -5 2382410682918
-14 -3 2526971643728
-14 -1 2600165795626
-14 1 2600165795626
-14 3 2526971643728
-14 5 2382410682918
-14 7 2170626023860
-14 9 1899269459290
-14 11 1580722719954
-14 13 1233881528614
-14 15 884714898704
-14 17 565083112188
-14 19 307362613698
-14 21 133175377020
-14 23 41498541980
-14 25 7857691156
-14 27 628058676
-10 -27 93420068
-10 -25 2856631841
-10 -23 23277209900
-10 -21 100632880152
-10 -19 290916362576
-10 -17 636595673119
-10 -15 1141323152907
-10 -13 1768375386204
-10 -11 2456691519674
-10 -9 3139440346595
-10 -7 3756288905054
-10 -5 4258835317030
-10 -3 4612248018812
-10 -1 4794313477653
-10 1 4794313477653
-10 3 4612248018812
-10 5 4258835317030
-10 7 3756288905054
-10 9 3139440346595
-10 11 2456691519674
-10 13 1768375386204
-10 15 1141323152907
-10 17 636595673119
-10 19 290916362576
-10 21 100632880152
-10 23 23277209900
-10 25 2856631841
-10 27 93420068
-6 -25 674942758
-6 -23 9573147836
-6 -21 58073940736
-6 -19 214939150034
-6 -17 569136640716
-6 -15 1184813793268
-6 -13 2064099634366
-6 -11 3141697954906
-6 -9 4306052799146
-6 -7 5428590491744
-6 -5 6387882332930
-6 -3 7084827299662
-6 -1 7450710488606
-6 1 7450710488606
-6 3 7084827299662
-6 5 6387882332930
-6 7 5428590491744
-6 9 4306052799146
-6 11 3141697954906
-6 13 2064099634366
-6 15 1184813793268
-6 17 569136640716
-6 19 214939150034
-6 21 58073940736
-6 23 9573147836
-6 25 674942758
-2 -25 83251000
-2 -23 2809586304
-2 -21 25549599502
-2 -19 124251686398
-2 -17 404413464196
-2 -15 989449866139
-2 -13 1957921371980
-2 -11 3293598977144
-2 -9 4877329718506
-2 -7 6516942694892
-2 -5 7993608757008
-2 -3 9105714570400
-2 -1 9702047320476
-2 1 9702047320476
-2 3 9105714570400
-2 5 7993608757008
-2 7 6516942694892
-2 9 4877329718506
-2 11 3293598977144
-2 13 1957921371980
-2 15 989449866139
-2 17 404413464196
-2 19 124251686398
-2 21 25549599502
-2 23 2809586304
-2 25 83251000
2 -23 552536446
2 -21 8470804440
2 -19 56326589368
2 -17 229402134682
2 -15 667062269300
2 -13 1512318560508
2 -11 2831804913980
2 -9 4558039936016
2 -7 6486662917728
2 -5 8324623503420
2 -3 9763890767120
2 -1 10553323863992
2 1 10553323863992
2 3 9763890767120
2 5 8324623503420
2 7 6486662917728
2 9 4558039936016
2 11 2831804913980
2 13 1512318560508
2 15 667062269300
2 17 229402134682
2 19 56326589368
2 21 8470804440
2 23 552536446
6 -23 57803781
6 -21 2063509168
6 -19 19987176930
6 -17 104407696582
6 -15 365315486165
6 -13 956393981284
6 -11 2005314510668
6 -9 3525110922172
6 -7 5363636206159
6 -5 7223174561946
6 -3 8740494740516
6 -1 9593228679762
6 1 9593228679762
6 3 8740494740516
6 5 7223174561946
6 7 5363636206159
6 9 3525110922172
6 11 2005314510668
6 13 956393981284
6 15 365315486165
6 17 104407696582
6 19 19987176930
6 21 2063509168
6 23 57803781
10 -21 346751734
10 -19 5488791840
10 -17 38223830624
10 -15 163633590960
10 -13 498988425544
10 -11 1177965083750
10 -9 2270379371120
10 -7 3704404370898
10 -5 5246382553594
10 -3 6559376050052
10 -1 7315992414948
10 1 7315992414948
10 3 6559376050052
10 5 5246382553594
10 7 3704404370898
10 9 2270379371120
10 11 1177965083750
10 13 498988425544
10 15 163633590960
10 17 38223830624
10 19 5488791840
10 21 346751734
14 -21 31258038
14 -19 1140897870
14 -17 11238581200
14 -15 60263536165
14 -13 216538172914
14 -11 579073221062
14 -9 1228283506415
14 -7 2154448292577
14 -5 3214382312274
14 -3 4156905060350
14 -1 4714083230878
14 1 4714083230878
14 3 4156905060350
14 5 3214382312274
14 7 2154448292577
14 9 1228283506415
14 11 579073221062
14 13 216538172914
14 15 60263536165
14 17 11238581200
14 19 1140897870
14 21 31258038
18 -19 167461028
18 -17 2626977906
18 -15 18307531704
18 -13 78705377506
18 -11 240337634320
18 -9 563521388010
18 -7 1065324302700
18 -5 1677073312236
18 -3 2245385273054
18 -1 2590184416344
18 1 2590184416344
18 3 2245385273054
18 5 1677073312236
18 7 1065324302700
18 9 563521388010
18 11 240337634320
18 13 78705377506
18 15 18307531704
18 17 2626977906
18 19 167461028
22 -19 13071240
22 -17 478130289
22 -15 4583127878
22 -13 24103845584
22 -11 84932907164
22 -9 221324544609
22 -7 452383886045
22 -5 752741956064
22 -3 1044481113116
22 -1 1226111150362
22 1 1226111150362
22 3 1044481113116
22 5 752741956064
22 7 452383886045
22 9 221324544609
22 11 84932907164
22 13 24103845584
22 15 4583127878
22 17 478130289
22 19 13071240
26 -17 62036352
26 -15 936035534
26 -13 6247790472
26 -11 25749939236
26 -9 75114359488
26 -7 166606272588
26 -5 293651340304
26 -3 422731811866
26 -1 505270672032
26 1 505270672032
26 3 422731811866
26 5 293651340304
26 7 166606272588
26 9 75114359488
26 11 25749939236
26 13 6247790472
26 15 936035534
26 17 62036352
30 -17 4149320
30 -15 151930968
30 -13 1365935074
30 -11 6746557748
30 -9 22235101567
30 -7 53767639093
30 -5 100627758378
30 -3 150484395684
30 -1 183234128196
30 1 183234128196
30 3 150484395684
30 5 100627758378
30 7 53767639093
30 9 22235101567
30 11 6746557748
30 13 1365935074
30 15 151930968
30 17 4149320
34 -15 17321696
34 -13 248572688
34 -11 1529821552
34 -9 5783078098
34 -7 15358929852
34 -5 30613661596
34 -3 47644103360
34 -1 59131127006
34 1 59131127006
34 3 47644103360
34 5 30613661596
34 7 15358929852
34 9 5783078098
34 11 1529821552
34 13 248572688
34 15 17321696
38 -15 964908
38 -13 36028916
38 -11 296903838
38 -9 1328211150
38 -7 3911937736
38 -5 8356769288
38 -3 13557131350
38 -1 17174510094
38 1 17174510094
38 3 13557131350
38 5 8356769288
38 7 3911937736
38 9 1328211150
38 11 296903838
38 13 36028916
38 15 964908
42 -13 3499972
42 -11 48378876
42 -9 266369684
42 -7 891112558
42 -5 2055472286
42 -3 3497135390
42 -1 4526145876
42 1 4526145876
42 3 3497135390
42 5 2055472286
42 7 891112558
42 9 266369684
42 11 48378876
42 13 3499972
46 -13 154644
46 -11 6096580
46 -9 45946320
46 -7 180406975
46 -5 456762712
46 -3 819601440
46 -1 1087612869
46 1 1087612869
46 3 819601440
46 5 456762712
46 7 180406975
46 9 45946320
46 11 6096580
46 13 154644
50 -11 473732
50 -9 6562276
50 -7 31629500
50 -5 90700568
50 -3 173274976
50 -1 237501138
50 1 237501138
50 3 173274976
50 5 90700568
50 7 31629500
50 9 6562276
50 11 473732
54 -11 15386
54 -9 669438
54 -7 4768337
54 -5 15798482
54 -3 33178194
54 -1 46746490
54 1 46746490
54 3 33178194
54 5 15798482
54 7 4768337
54 9 669438
54 11 15386
58 -9 37044
58 -7 549584
58 -5 2343278
58 -3 5413324
58 -1 8147132
58 1 8147132
58 3 5413324
58 5 2343278
58 7 549584
58 9 37044
62 -9 784
62 -7 39004
62 -5 286062
62 -3 784588
62 -1 1251313
62 1 1251313
62 3 784588
62 5 286062
62 7 39004
62 9 784
66 -7 1176
66 -5 20580
66 -3 85260
66 -1 141120
66 1 141120
66 3 85260
66 5 20580
66 7 1176
70 -7 14
70 -5 686
70 -3 6174
70 -1 17101
70 1 17101
70 3 6174
70 5 686
70 7 14
