-128 -64 1
-128 64 1
-120 -62 64
-120 62 64
-116 -60 128
-116 60 128
-112 -60 1888
-112 -58 384
-112 -56 64
-112 56 64
-112 58 384
-112 60 1888
-108 -58 7168
-108 -56 1152
-108 -54 512
-108 -52 128
-108 52 128
-108 54 512
-108 56 1152
-108 58 7168
-104 -58 34112
-104 -56 27328
-104 -54 6848
-104 -52 2560
-104 -50 1408
-104 -48 384
-104 -46 64
-104 46 64
-104 48 384
-104 50 1408
-104 52 2560
-104 54 6848
-104 56 27328
-104 58 34112
-100 -56 183680
-100 -54 97280
-100 -52 42880
-100 -50 16896
-100 -48 8576
-100 -46 4608
-100 -44 1920
-100 -42 512
-100 -40 128
-100 40 128
-100 42 512
-100 44 1920
-100 46 4608
-100 48 8576
-100 50 16896
-100 52 42880
-100 54 97280
-100 56 183680
-96 -56 423152
-96 -54 829312
-96 -52 412480
-96 -50 222848
-96 -48 121008
-96 -46 59136
-96 -44 33600
-96 -42 19840
-96 -40 9664
-96 -38 4352
-96 -36 1408
-96 -34 384
-96 -32 80
-96 -16 16
-96 0 16
-96 16 16
-96 32 80
-96 34 384
-96 36 1408
-96 38 4352
-96 40 9664
-96 42 19840
-96 44 33600
-96 46 59136
-96 48 121008
-96 50 222848
-96 52 412480
-96 54 829312
-96 56 423152
-92 -54 2860544
-92 -52 3325824
-92 -50 1980416
-92 -48 1141504
-92 -46 720384
-92 -44 425728
-92 -42 250624
-92 -40 154240
-92 -38 94208
-92 -36 55552
-92 -34 29440
-92 -32 13952
-92 -30 5888
-92 -28 2176
-92 -26 768
-92 -24 384
-92 -22 256
-92 -20 256
-92 -18 256
-92 -14 256
-92 -12 256
-92 -10 256
-92 -8 256
-92 -6 256
-92 -4 256
-92 -2 256
-92 2 256
-92 4 256
-92 6 256
-92 8 256
-92 10 256
-92 12 256
-92 14 256
-92 18 256
-92 20 256
-92 22 256
-92 24 384
-92 26 768
-92 28 2176
-92 30 5888
-92 32 13952
-92 34 29440
-92 36 55552
-92 38 94208
-92 40 154240
-92 42 250624
-92 44 425728
-92 46 720384
-92 48 1141504
-92 50 1980416
-92 52 3325824
-92 54 2860544
-88 -54 3830016
-88 -52 14604800
-88 -50 13523520
-88 -48 9375488
-88 -46 6098816
-88 -44 4027648
-88 -42 2689216
-88 -40 1790144
-88 -38 1167680
-88 -36 774656
-88 -34 508672
-88 -32 327936
-88 -30 204416
-88 -28 119936
-88 -26 67712
-88 -24 36608
-88 -22 21184
-88 -20 13696
-88 -18 10752
-88 -16 11648
-88 -14 9664
-88 -12 9344
-88 -10 9216
-88 -8 9344
-88 -6 9216
-88 -4 9344
-88 -2 9472
-88 0 11264
-88 2 9472
-88 4 9344
-88 6 9216
-88 8 9344
-88 10 9216
-88 12 9344
-88 14 9664
-88 16 11648
-88 18 10752
-88 20 13696
-88 22 21184
-88 24 36608
-88 26 67712
-88 28 119936
-88 30 204416
-88 32 327936
-88 34 508672
-88 36 774656
-88 38 1167680
-88 40 1790144
-88 42 2689216
-88 44 4027648
-88 46 6098816
-88 48 9375488
-88 50 13523520
-88 52 14604800
-88 54 3830016
-84 -52 30336512
-84 -50 63775232
-84 -48 57481728
-84 -46 43297280
-84 -44 31507968
-84 -42 22348288
-84 -40 15897472
-84 -38 11487232
-84 -36 8179456
-84 -34 5856000
-84 -32 4159360
-84 -30 2937600
-84 -28 2081920
-84 -26 1455360
-84 -24 1016448
-84 -22 705536
-84 -20 499328
-84 -18 368896
-84 -16 283264
-84 -14 247040
-84 -12 230656
-84 -10 222976
-84 -8 216704
-84 -6 217856
-84 -4 215296
-84 -2 213248
-84 0 206080
-84 2 213248
-84 4 215296
-84 6 217856
-84 8 216704
-84 10 222976
-84 12 230656
-84 14 247040
-84 16 283264
-84 18 368896
-84 20 499328
-84 22 705536
-84 24 1016448
-84 26 1455360
-84 28 2081920
-84 30 2937600
-84 32 4159360
-84 34 5856000
-84 36 8179456
-84 38 11487232
-84 40 15897472
-84 42 22348288
-84 44 31507968
-84 46 43297280
-84 48 57481728
-84 50 63775232
-84 52 30336512
-80 -52 26249184
-80 -50 169384064
-80 -48 262932288
-80 -46 246453632
-80 -44 199363808
-80 -42 155938944
-80 -40 119207040
-80 -38 90473600
-80 -36 69003776
-80 -34 52541568
-80 -32 40147072
-80 -30 30661760
-80 -28 23341792
-80 -26 17837056
-80 -24 13677312
-80 -22 10591488
-80 -20 8316544
-80 -18 6646656
-80 -16 5472128
-80 -14 4622080
-80 -12 4015488
-80 -10 3632640
-80 -8 3424640
-80 -6 3271296
-80 -4 3217152
-80 -2 3197056
-80 0 3207552
-80 2 3197056
-80 4 3217152
-80 6 3271296
-80 8 3424640
-80 10 3632640
-80 12 4015488
-80 14 4622080
-80 16 5472128
-80 18 6646656
-80 20 8316544
-80 22 10591488
-80 24 13677312
-80 26 17837056
-80 28 23341792
-80 30 30661760
-80 32 40147072
-80 34 52541568
-80 36 69003776
-80 38 90473600
-80 40 119207040
-80 42 155938944
-80 44 199363808
-80 46 246453632
-80 48 262932288
-80 50 169384064
-80 52 26249184
-76 -50 232731648
-76 -48 785152512
-76 -46 1067503616
-76 -44 1042299008
-76 -42 903435008
-76 -40 749678464
-76 -38 608090368
-76 -36 489912704
-76 -34 393369088
-76 -32 315929984
-76 -30 254203648
-76 -28 205089024
-76 -26 166077440
-76 -24 134979840
-76 -22 110443264
-76 -20 91189632
-76 -18 76369408
-76 -16 65025536
-76 -14 56511488
-76 -12 50358272
-76 -10 45790208
-76 -8 42379648
-76 -6 40177664
-76 -4 38601856
-76 -2 37708288
-76 0 37366272
-76 2 37708288
-76 4 38601856
-76 6 40177664
-76 8 42379648
-76 10 45790208
-76 12 50358272
-76 14 56511488
-76 16 65025536
-76 18 76369408
-76 20 91189632
-76 22 110443264
-76 24 134979840
-76 26 166077440
-76 28 205089024
-76 30 254203648
-76 32 315929984
-76 34 393369088
-76 36 489912704
-76 38 608090368
-76 40 749678464
-76 42 903435008
-76 44 1042299008
-76 46 1067503616
-76 48 785152512
-76 50 232731648
-72 -50 139580160
-72 -48 1384531200
-72 -46 3300320320
-72 -44 4279929856
-72 -42 4341104064
-72 -40 3984515136
-72 -38 3491025984
-72 -36 2981915392
-72 -34 2523873024
-72 -32 2124176640
-72 -30 1786725440
-72 -28 1504664704
-72 -26 1269127296
-72 -24 1076204672
-72 -22 917622912
-72 -20 788522368
-72 -18 683923776
-72 -16 600050176
-72 -14 533770112
-72 -12 481672960
-72 -10 442120832
-72 -8 413199360
-72 -6 392115904
-72 -4 378488064
-72 -2 370695232
-72 0 368507520
-72 2 370695232
-72 4 378488064
-72 6 392115904
-72 8 413199360
-72 10 442120832
-72 12 481672960
-72 14 533770112
-72 16 600050176
-72 18 683923776
-72 20 788522368
-72 22 917622912
-72 24 1076204672
-72 26 1269127296
-72 28 1504664704
-72 30 1786725440
-72 32 2124176640
-72 34 2523873024
-72 36 2981915392
-72 38 3491025984
-72 40 3984515136
-72 42 4341104064
-72 44 4279929856
-72 46 3300320320
-72 48 1384531200
-72 50 139580160
-68 -48 1339788160
-68 -46 6673672192
-68 -44 13139718656
-68 -42 16820683264
-68 -40 17720465792
-68 -38 17066914816
-68 -36 15682931456
-68 -34 14037346816
-68 -32 12405329024
-68 -30 10883356928
-68 -28 9525154048
-68 -26 8342496000
-68 -24 7316840448
-68 -22 6443235840
-68 -20 5705083904
-68 -18 5086959616
-68 -16 4575757696
-68 -14 4157003264
-68 -12 3820005888
-68 -10 3553150464
-68 -8 3346398720
-68 -6 3194394112
-68 -4 3089483264
-68 -2 3028458496
-68 0 3006680576
-68 2 3028458496
-68 4 3089483264
-68 6 3194394112
-68 8 3346398720
-68 10 3553150464
-68 12 3820005888
-68 14 4157003264
-68 16 4575757696
-68 18 5086959616
-68 20 5705083904
-68 22 6443235840
-68 24 7316840448
-68 26 8342496000
-68 28 9525154048
-68 30 10883356928
-68 32 12405329024
-68 34 14037346816
-68 36 15682931456
-68 38 17066914816
-68 40 17720465792
-68 42 16820683264
-68 44 13139718656
-68 46 6673672192
-68 48 1339788160
-64 -48 585632520
-64 -46 8312050304
-64 -44 28392162560
-64 -42 50360780544
-64 -40 64567097056
-64 -38 70461932288
-64 -36 70799278208
-64 -34 67859646848
-64 -32 63304705288
-64 -30 58158051200
-64 -28 52957072704
-64 -26 48013311232
-64 -24 43490737664
-64 -22 39437489152
-64 -20 35865600640
-64 -18 32768408448
-64 -16 30114916848
-64 -14 27877972480
-64 -12 26023963136
-64 -10 24519624832
-64 -8 23338604000
-64 -6 22449330048
-64 -4 21831980224
-64 -2 21468126720
-64 0 21353727736
-64 2 21468126720
-64 4 21831980224
-64 6 22449330048
-64 8 23338604000
-64 10 24519624832
-64 12 26023963136
-64 14 27877972480
-64 16 30114916848
-64 18 32768408448
-64 20 35865600640
-64 22 39437489152
-64 24 43490737664
-64 26 48013311232
-64 28 52957072704
-64 30 58158051200
-64 32 63304705288
-64 34 67859646848
-64 36 70799278208
-64 38 70461932288
-64 40 64567097056
-64 42 50360780544
-64 44 28392162560
-64 46 8312050304
-64 48 585632520
-60 -46 5928271360
-60 -44 40935532672
-60 -42 111367799552
-60 -40 186430301056
-60 -38 241216321280
-60 -36 271785408384
-60 -34 283499308032
-60 -32 282215976960
-60 -30 273117317632
-60 -28 259778198656
-60 -26 244508371200
-60 -24 228801255040
-60 -22 213531449088
-60 -20 199263001472
-60 -18 186271750144
-60 -16 174714054400
-60 -14 164643832832
-60 -12 156054162560
-60 -10 148918102016
-60 -8 143174668672
-60 -6 138783107328
-60 -4 135683372416
-60 -2 133840015616
-60 0 133216910080
-60 2 133840015616
-60 4 135683372416
-60 6 138783107328
-60 8 143174668672
-60 10 148918102016
-60 12 156054162560
-60 14 164643832832
-60 16 174714054400
-60 18 186271750144
-60 20 199263001472
-60 22 213531449088
-60 24 228801255040
-60 26 244508371200
-60 28 259778198656
-60 30 273117317632
-60 32 282215976960
-60 34 283499308032
-60 36 271785408384
-60 38 241216321280
-60 40 186430301056
-60 42 111367799552
-60 44 40935532672
-60 46 5928271360
-56 -46 1962132800
-56 -44 37655024384
-56 -42 174342115392
-56 -40 411426359872
-56 -38 666612253120
-56 -36 873497722880
-56 -34 1013165055360
-56 -32 1092557126528
-56 -30 1125131233856
-56 -28 1125211981568
-56 -26 1104165027520
-56 -24 1070377030528
-56 -22 1030009414144
-56 -20 987059208320
-56 -18 944410633728
-56 -16 903976508096
-56 -14 866954604800
-56 -12 834160448640
-56 -10 806057004992
-56 -8 782928175744
-56 -6 764874256064
-56 -4 751985368064
-56 -2 744265019904
-56 0 741700935424
-56 2 744265019904
-56 4 751985368064
-56 6 764874256064
-56 8 782928175744
-56 10 806057004992
-56 12 834160448640
-56 14 866954604800
-56 16 903976508096
-56 18 944410633728
-56 20 987059208320
-56 22 1030009414144
-56 24 1070377030528
-56 26 1104165027520
-56 28 1125211981568
-56 30 1125131233856
-56 32 1092557126528
-56 34 1013165055360
-56 36 873497722880
-56 38 666612253120
-56 40 411426359872
-56 42 174342115392
-56 44 37655024384
-56 46 1962132800
-52 -44 20497181440
-52 -42 186524325376
-52 -40 670860580480
-52 -38 1444443875328
-52 -36 2298705953920
-52 -34 3054342852608
-52 -32 3636668892160
-52 -30 4039923272704
-52 -28 4288229936896
-52 -26 4416136241408
-52 -24 4456050193792
-52 -22 4434837938688
-52 -20 4374149521024
-52 -18 4290037104640
-52 -16 4194492604160
-52 -14 4096623894016
-52 -12 4002830065152
-52 -10 3917769173248
-52 -8 3844751337216
-52 -6 3786078879488
-52 -4 3743223642752
-52 -2 3717102745856
-52 0 3708373084672
-52 2 3717102745856
-52 4 3743223642752
-52 6 3786078879488
-52 8 3844751337216
-52 10 3917769173248
-52 12 4002830065152
-52 14 4096623894016
-52 16 4194492604160
-52 18 4290037104640
-52 20 4374149521024
-52 22 4434837938688
-52 24 4456050193792
-52 26 4416136241408
-52 28 4288229936896
-52 30 4039923272704
-52 32 3636668892160
-52 34 3054342852608
-52 36 2298705953920
-52 38 1444443875328
-52 40 670860580480
-52 42 186524325376
-52 44 20497181440
-48 -44 5296005568
-48 -42 131130651008
-48 -40 785796336064
-48 -38 2387546185216
-48 -36 4835874884384
-48 -34 7624385796864
-48 -32 10273938561152
-48 -30 12522969747712
-48 -28 14285200311872
-48 -26 15577340529920
-48 -24 16465905856256
-48 -22 17030451081856
-48 -20 17347251843296
-48 -18 17483082955392
-48 -16 17493220093216
-48 -14 17421580940928
-48 -12 17303311367712
-48 -10 17165576407168
-48 -8 17028786456576
-48 -6 16908373897088
-48 -4 16815089421376
-48 -2 16756574393728
-48 0 16736469975360
-48 2 16756574393728
-48 4 16815089421376
-48 6 16908373897088
-48 8 17028786456576
-48 10 17165576407168
-48 12 17303311367712
-48 14 17421580940928
-48 16 17493220093216
-48 18 17483082955392
-48 20 17347251843296
-48 22 17030451081856
-48 24 16465905856256
-48 26 15577340529920
-48 28 14285200311872
-48 30 12522969747712
-48 32 10273938561152
-48 34 7624385796864
-48 36 4835874884384
-48 38 2387546185216
-48 40 785796336064
-48 42 131130651008
-48 44 5296005568
-44 -42 56031696640
-44 -40 644015209472
-44 -38 2942243593984
-44 -36 7952597716864
-44 -34 15446054884352
-44 -32 24247147359744
-44 -30 33114042968576
-44 -28 41213108032640
-44 -26 48127424668160
-44 -24 53743536135552
-44 -22 58129973428480
-44 -20 61439768877184
-44 -18 63855852558336
-44 -16 65558207022336
-44 -14 66710042355712
-44 -12 67451393544192
-44 -10 67898565086720
-44 -8 68146143856512
-44 -6 68266730399232
-44 -4 68315973856512
-44 -2 68330223515392
-44 0 68332875851520
-44 2 68330223515392
-44 4 68315973856512
-44 6 68266730399232
-44 8 68146143856512
-44 10 67898565086720
-44 12 67451393544192
-44 14 66710042355712
-44 16 65558207022336
-44 18 63855852558336
-44 20 61439768877184
-44 22 58129973428480
-44 24 53743536135552
-44 26 48127424668160
-44 28 41213108032640
-44 30 33114042968576
-44 32 24247147359744
-44 34 15446054884352
-44 36 7952597716864
-44 38 2942243593984
-44 40 644015209472
-44 42 56031696640
-40 -42 11591943552
-40 -40 355696914176
-40 -38 2651407840384
-40 -36 10032874729216
-40 -34 24931505838144
-40 -32 47005011387008
-40 -30 73671060136896
-40 -28 101848085549568
-40 -26 129093953102720
-40 -24 153865431772480
-40 -22 175409779188736
-40 -20 193537529601280
-40 -18 208395835314752
-40 -16 220311869434752
-40 -14 229683341304256
-40 -12 236913193109632
-40 -10 242375946405120
-40 -8 246396575963456
-40 -6 249246143457728
-40 -4 251131498510976
-40 -2 252204625987200
-40 0 252552097569152
-40 2 252204625987200
-40 4 251131498510976
-40 6 249246143457728
-40 8 246396575963456
-40 10 242375946405120
-40 12 236913193109632
-40 14 229683341304256
-40 16 220311869434752
-40 18 208395835314752
-40 20 193537529601280
-40 22 175409779188736
-40 24 153865431772480
-40 26 129093953102720
-40 28 101848085549568
-40 30 73671060136896
-40 32 47005011387008
-40 34 24931505838144
-40 36 10032874729216
-40 38 2651407840384
-40 40 355696914176
-40 42 11591943552
-36 -40 122148280448
-36 -38 1708876190720
-36 -36 9565497062912
-36 -34 31573326578176
-36 -32 73709315811584
-36 -30 135945870046208
-36 -28 212995217691136
-36 -26 297601760380416
-36 -24 383141324739584
-36 -22 464680248762112
-36 -20 539111789643520
-36 -18 604847593446656
-36 -16 661377074196480
-36 -14 708881053379840
-36 -12 747930451986816
-36 -10 779265573359616
-36 -8 803659254938240
-36 -6 821820821416448
-36 -4 834348619354752
-36 -2 841681803000576
-36 0 844095486778112
-36 2 841681803000576
-36 4 834348619354752
-36 6 821820821416448
-36 8 803659254938240
-36 10 779265573359616
-36 12 747930451986816
-36 14 708881053379840
-36 16 661377074196480
-36 18 604847593446656
-36 20 539111789643520
-36 22 464680248762112
-36 24 383141324739584
-36 26 297601760380416
-36 28 212995217691136
-36 30 135945870046208
-36 32 73709315811584
-36 34 31573326578176
-36 36 9565497062912
-36 38 1708876190720
-36 40 122148280448
-32 -40 20681906352
-32 -38 758834869760
-32 -36 6793227627136
-32 -34 31001033576192
-32 -32 92331863649392
-32 -30 205430717539712
-32 -28 372415265582976
-32 -26 583365784070912
-32 -24 822162356316816
-32 -22 1072061377390848
-32 -20 1318847378119104
-32 -18 1551991545452160
-32 -16 1764565124075776
-32 -14 1952583433994880
-32 -12 2114216934186816
-32 -10 2249072693922304
-32 -8 2357598272928720
-32 -6 2440641407449600
-32 -4 2499131470468096
-32 -2 2533870610284416
-32 0 2545390276602608
-32 2 2533870610284416
-32 4 2499131470468096
-32 6 2440641407449600
-32 8 2357598272928720
-32 10 2249072693922304
-32 12 2114216934186816
-32 14 1952583433994880
-32 16 1764565124075776
-32 18 1551991545452160
-32 20 1318847378119104
-32 22 1072061377390848
-32 24 822162356316816
-32 26 583365784070912
-32 28 372415265582976
-32 30 205430717539712
-32 32 92331863649392
-32 34 31001033576192
-32 36 6793227627136
-32 38 758834869760
-32 40 20681906352
-28 -38 213740383488
-28 -36 3521028081280
-28 -34 23364415028480
-28 -32 91527112600448
-28 -30 251632926451968
-28 -28 538654984048128
-28 -26 962392600603648
-28 -24 1506090353059584
-28 -22 2135928405516032
-28 -20 2812163845651072
-28 -18 3497064921179648
-28 -16 4159096060774656
-28 -14 4774199884307456
-28 -12 5325361685041920
-28 -10 5801386249570816
-28 -8 6195468514672384
-28 -6 6503860129875968
-28 -4 6724742465592576
-28 -2 6857403868322816
-28 0 6901629956594688
-28 2 6857403868322816
-28 4 6724742465592576
-28 6 6503860129875968
-28 8 6195468514672384
-28 10 5801386249570816
-28 12 5325361685041920
-28 14 4774199884307456
-28 16 4159096060774656
-28 18 3497064921179648
-28 20 2812163845651072
-28 22 2135928405516032
-28 24 1506090353059584
-28 26 962392600603648
-28 28 538654984048128
-28 30 251632926451968
-28 32 91527112600448
-28 34 23364415028480
-28 36 3521028081280
-28 38 213740383488
-24 -38 30206108416
-24 -36 1282567150592
-24 -34 13356258771520
-24 -32 71289191575424
-24 -30 248022423714368
-24 -28 639227689816192
-24 -26 1324542967298880
-24 -24 2334859348079552
-24 -22 3644912165873792
-24 -20 5186985093304576
-24 -18 6871519894487040
-24 -16 8604870018001472
-24 -14 10300986948561920
-24 -12 11887269421115776
-24 -10 13306201915625984
-24 -8 14514500653179072
-24 -6 15481058519184064
-24 -4 16184647527227904
-24 -2 16611725252337984
-24 0 16754881927006976
-24 2 16611725252337984
-24 4 16184647527227904
-24 6 15481058519184064
-24 8 14514500653179072
-24 10 13306201915625984
-24 12 11887269421115776
-24 14 10300986948561920
-24 16 8604870018001472
-24 18 6871519894487040
-24 20 5186985093304576
-24 22 3644912165873792
-24 24 2334859348079552
-24 26 1324542967298880
-24 28 639227689816192
-24 30 248022423714368
-24 32 71289191575424
-24 34 13356258771520
-24 36 1282567150592
-24 38 30206108416
-20 -36 301760527104
-20 -34 5677722849536
-20 -32 43316634299520
-20 -30 195734617507072
-20 -28 618938110899584
-20 -26 1511016831564544
-20 -24 3041569750543104
-20 -22 5288857959153152
-20 -20 8217499743596416
-20 -18 11695105593885184
-20 -16 15527591158050816
-20 -14 19495435651431424
-20 -12 23381983328173056
-20 -10 26991554920598784
-20 -8 30158769534018560
-20 -6 32751717810362880
-20 -4 34671390915170560
-20 -2 35849659087769088
-20 0 36246744771507456
-20 2 35849659087769088
-20 4 34671390915170560
-20 6 32751717810362880
-20 8 30158769534018560
-20 10 26991554920598784
-20 12 23381983328173056
-20 14 19495435651431424
-20 16 15527591158050816
-20 18 11695105593885184
-20 20 8217499743596416
-20 22 5288857959153152
-20 24 3041569750543104
-20 26 1511016831564544
-20 28 618938110899584
-20 30 195734617507072
-20 32 43316634299520
-20 34 5677722849536
-20 36 301760527104
-16 -36 36251041536
-16 -34 1727329532032
-16 -32 20314454681984
-16 -30 123162559786624
-16 -28 487364725163296
-16 -26 1423037635445120
-16 -24 3312976117109248
-16 -22 6488867677812352
-16 -20 11115588415318176
-16 -18 17137954206654336
-16 -16 24295744822519200
-16 -14 32180633894082688
-16 -12 40305577325227360
-16 -10 48167422112149888
-16 -8 55294366773249152
-16 -6 61277402502287744
-16 -4 65788766577026688
-16 -2 68591017747568256
-16 0 69541053137165888
-16 2 68591017747568256
-16 4 65788766577026688
-16 6 61277402502287744
-16 8 55294366773249152
-16 10 48167422112149888
-16 12 40305577325227360
-16 14 32180633894082688
-16 16 24295744822519200
-16 18 17137954206654336
-16 20 11115588415318176
-16 22 6488867677812352
-16 24 3312976117109248
-16 26 1423037635445120
-16 28 487364725163296
-16 30 123162559786624
-16 32 20314454681984
-16 34 1727329532032
-16 36 36251041536
-12 -34 345199745536
-12 -32 7209492958336
-12 -30 61443143592704
-12 -28 311426214587264
-12 -26 1104313955541248
-12 -24 3009359210305152
-12 -22 6707682114886656
-12 -20 12783434380302336
-12 -18 21522038622617344
-12 -16 32802154670588160
-12 -14 46102197225078016
-12 -12 60590577258967424
-12 -10 75254418051963648
-12 -8 89030461357163904
-12 -6 100917317971403776
-12 -4 110061125089135872
-12 -2 115815469186681600
-12 0 117778865918397440
-12 2 115815469186681600
-12 4 110061125089135872
-12 6 100917317971403776
-12 8 89030461357163904
-12 10 75254418051963648
-12 12 60590577258967424
-12 14 46102197225078016
-12 16 32802154670588160
-12 18 21522038622617344
-12 20 12783434380302336
-12 22 6707682114886656
-12 24 3009359210305152
-12 26 1104313955541248
-12 28 311426214587264
-12 30 61443143592704
-12 32 7209492958336
-12 34 345199745536
-8 -34 35886874048
-8 -32 1862503482240
-8 -30 24056207723776
-8 -28 161085280828288
-8 -26 705746270820160
-8 -24 2278165403158976
-8 -22 5834032360883392
-8 -20 12471427698986880
-8 -18 23093968930438400
-8 -16 38082308855944704
-8 -14 57106042035633024
-8 -12 79121500818159872
-8 -10 102522847124189376
-8 -8 125380524411477696
-8 -6 145703627587067840
-8 -4 161681762190810624
-8 -2 171881135853284608
-8 0 175385818332768256
-8 2 171881135853284608
-8 4 161681762190810624
-8 6 145703627587067840
-8 8 125380524411477696
-8 10 102522847124189376
-8 12 79121500818159872
-8 14 57106042035633024
-8 16 38082308855944704
-8 18 23093968930438400
-8 20 12471427698986880
-8 22 5834032360883392
-8 24 2278165403158976
-8 26 705746270820160
-8 28 161085280828288
-8 30 24056207723776
-8 32 1862503482240
-8 34 35886874048
-4 -32 321197439104
-4 -30 7245604697856
-4 -28 67116382580224
-4 -26 371279146055424
-4 -24 1438262803812736
-4 -22 4271227070585344
-4 -20 10318962753647104
-4 -18 21152894758766080
-4 -16 37954401138981632
-4 -14 61026066501971968
-4 -12 89517915435422336
-4 -10 121447067639950592
-4 -8 153975923559825280
-4 -6 183852347702414848
-4 -4 207903593868985728
-4 -2 223495426377580288
-4 0 228893989661050624
-4 2 223495426377580288
-4 4 207903593868985728
-4 6 183852347702414848
-4 8 153975923559825280
-4 10 121447067639950592
-4 12 89517915435422336
-4 14 61026066501971968
-4 16 37954401138981632
-4 18 21152894758766080
-4 20 10318962753647104
-4 22 4271227070585344
-4 24 1438262803812736
-4 26 371279146055424
-4 28 67116382580224
-4 30 7245604697856
-4 32 321197439104
0 -32 29436488660
0 -30 1614606890240
0 -28 22298494464960
0 -26 160519188707840
0 -24 758054360232800
0 -22 2636677569557248
0 -20 7251543881697024
0 -18 16552453393304064
0 -16 32478325420885360
0 -14 56237675472563200
0 -12 87666839344031488
0 -10 124923690686983424
0 -8 164625597156848032
0 -6 202379873515932160
0 -4 233554278216837696
0 -2 254101963243904256
0 0 261275135978489732
0 2 254101963243904256
0 4 233554278216837696
0 6 202379873515932160
0 8 164625597156848032
0 10 124923690686983424
0 12 87666839344031488
0 14 56237675472563200
0 16 32478325420885360
0 18 16552453393304064
0 20 7251543881697024
0 22 2636677569557248
0 24 758054360232800
0 26 160519188707840
0 28 22298494464960
0 30 1614606890240
0 32 29436488660
4 -30 244009460224
4 -28 5789159433216
4 -26 56768625284096
4 -24 333717767055104
4 -22 1375440517315072
4 -20 4339238848877056
4 -18 11091408900664832
4 -16 23906523464642816
4 -14 44748276971535360
4 -12 74370408485286272
4 -10 111616359958107392
4 -8 153229253808269312
4 -6 194279692397287680
4 -4 229098331498641536
4 -2 252455363422367744
4 0 260680457878028288
4 2 252455363422367744
4 4 229098331498641536
4 6 194279692397287680
4 8 153229253808269312
4 10 111616359958107392
4 12 74370408485286272
4 14 44748276971535360
4 16 23906523464642816
4 18 11091408900664832
4 20 4339238848877056
4 22 1375440517315072
4 24 333717767055104
4 26 56768625284096
4 28 5789159433216
4 30 244009460224
8 -30 20127048512
8 -28 1129875894784
8 -26 16254732645248
8 -24 122545434190016
8 -22 607520380725696
8 -20 2217872110933376
8 -18 6385417934317504
8 -16 15184197369532224
8 -14 30829020371687872
8 -12 54779205548672256
8 -10 86789667651554752
8 -8 124354884111525824
8 -6 162855863244033408
8 -4 196440446901887360
8 -2 219387727814901632
8 0 227542529953195136
8 2 219387727814901632
8 4 196440446901887360
8 6 162855863244033408
8 8 124354884111525824
8 10 86789667651554752
8 12 54779205548672256
8 14 30829020371687872
8 16 15184197369532224
8 18 6385417934317504
8 20 2217872110933376
8 22 607520380725696
8 24 122545434190016
8 26 16254732645248
8 28 1129875894784
8 30 20127048512
12 -28 151984553088
12 -26 3692581226240
12 -24 37360548560640
12 -22 227392206531584
12 -20 971225125805184
12 -18 3170572499231744
12 -16 8355166735965440
12 -14 18460881673391616
12 -12 35159228531295488
12 -10 58923611193922304
12 -8 88258655882542336
12 -6 119532076299383296
12 -4 147612508887021952
12 -2 167166999017823744
12 0 174181765874926080
12 2 167166999017823744
12 4 147612508887021952
12 6 119532076299383296
12 8 88258655882542336
12 10 58923611193922304
12 12 35159228531295488
12 14 18460881673391616
12 16 8355166735965440
12 18 3170572499231744
12 20 971225125805184
12 22 227392206531584
12 24 37360548560640
12 26 3692581226240
12 28 151984553088
16 -28 11573937440
16 -26 641002390784
16 -24 9358523005888
16 -22 72028401890304
16 -20 365228371174880
16 -18 1363025675470720
16 -16 4000690495788128
16 -14 9652514934131584
16 -12 19752510836147232
16 -10 35080620313699328
16 -8 55006562185629312
16 -6 77122285878208640
16 -4 97576575097501696
16 -2 112100109459527680
16 0 117360649893470016
16 2 112100109459527680
16 4 97576575097501696
16 6 77122285878208640
16 8 55006562185629312
16 10 35080620313699328
16 12 19752510836147232
16 14 9652514934131584
16 16 4000690495788128
16 18 1363025675470720
16 20 365228371174880
16 22 72028401890304
16 24 9358523005888
16 26 641002390784
16 28 11573937440
20 -26 78030741760
20 -24 1888271232384
20 -22 19215731533312
20 -20 118039501823360
20 -18 509017425267200
20 -16 1674433524192000
20 -14 4428577430652416
20 -12 9762531700640640
20 -10 18407255427735296
20 -8 30253873711372544
20 -6 43953080182198272
20 -4 57010649199007360
20 -2 66467535966993408
20 0 69926634825528320
20 2 66467535966993408
20 4 57010649199007360
20 6 43953080182198272
20 8 30253873711372544
20 10 18407255427735296
20 12 9762531700640640
20 14 4428577430652416
20 16 1674433524192000
20 18 509017425267200
20 20 118039501823360
20 22 19215731533312
20 24 1888271232384
20 26 78030741760
24 -26 5674532608
24 -24 296383544896
24 -22 4273829255296
24 -20 32739763127808
24 -18 165503746369408
24 -16 615056820480000
24 -14 1791676357387968
24 -12 4267439057353856
24 -10 8559029780611904
24 -8 14765117782718592
24 -6 22247413399731136
24 -4 29600797597456768
24 -2 35034453764075648
24 0 37041850136544256
24 2 35034453764075648
24 4 29600797597456768
24 6 22247413399731136
24 8 14765117782718592
24 10 8559029780611904
24 12 4267439057353856
24 14 1791676357387968
24 16 615056820480000
24 18 165503746369408
24 20 32739763127808
24 22 4273829255296
24 24 296383544896
24 26 5674532608
28 -24 33271362048
28 -22 777994559744
28 -20 7757093678464
28 -18 46885416362752
28 -16 198922173121152
28 -14 642106813028096
28 -12 1658495678590208
28 -10 3546515171251712
28 -8 6431001907031040
28 -6 10059436556299008
28 -4 13737787799107200
28 -2 16511725189739008
28 0 17546886209858560
28 2 16511725189739008
28 4 13737787799107200
28 6 10059436556299008
28 8 6431001907031040
28 10 3546515171251712
28 12 1658495678590208
28 14 642106813028096
28 16 198922173121152
28 18 46885416362752
28 20 7757093678464
28 22 777994559744
28 24 33271362048
32 -24 2420605568
32 -22 112528217472
32 -20 1555699760768
32 -18 11556704163968
32 -16 56768400798976
32 -14 204648358814976
32 -12 575880132085760
32 -10 1316706584203904
32 -8 2514240244059728
32 -6 4087355706185728
32 -4 5733274749663104
32 -2 7000397556964736
32 0 7478112132377168
32 2 7000397556964736
32 4 5733274749663104
32 6 4087355706185728
32 8 2514240244059728
32 10 1316706584203904
32 12 575880132085760
32 14 204648358814976
32 16 56768400798976
32 18 11556704163968
32 20 1555699760768
32 22 112528217472
32 24 2420605568
36 -22 11912544512
36 -20 260020565888
36 -18 2469610391296
36 -16 14307188585472
36 -14 58185852505856
36 -12 179441731794048
36 -10 440256353933056
36 -8 887220541812992
36 -6 1501095244151040
36 -4 2164446930323712
36 -2 2685987953035008
36 0 2884664048024832
36 2 2685987953035008
36 4 2164446930323712
36 6 1501095244151040
36 8 887220541812992
36 10 440256353933056
36 12 179441731794048
36 14 58185852505856
36 16 14307188585472
36 18 2469610391296
36 20 260020565888
36 22 11912544512
40 -22 922331136
40 -20 35487045504
40 -18 454354158720
40 -16 3182643482432
40 -14 14793461763072
40 -12 50367789358848
40 -10 133197741780736
40 -8 284071241218880
40 -6 501057288581184
40 -4 743446324989824
40 -2 938171421904640
40 0 1013140659323264
40 2 938171421904640
40 4 743446324989824
40 6 501057288581184
40 8 284071241218880
40 10 133197741780736
40 12 50367789358848
40 14 14793461763072
40 16 3182643482432
40 18 454354158720
40 20 35487045504
40 22 922331136
44 -20 3636661248
44 -18 71224833792
44 -16 624246445952
44 -14 3369016846592
44 -12 12779486155520
44 -10 36624389209088
44 -8 82936772278400
44 -6 152822245326592
44 -4 233622026516224
44 -2 299990308939520
44 0 325824322958848
44 2 299990308939520
44 4 233622026516224
44 6 152822245326592
44 8 82936772278400
44 10 36624389209088
44 12 12779486155520
44 14 3369016846592
44 16 624246445952
44 18 71224833792
44 20 3636661248
48 -20 322239232
48 -18 9459531648
48 -16 107537502752
48 -14 688366965760
48 -12 2941263522880
48 -10 9191879939200
48 -8 22187828684416
48 -6 42813435263488
48 -4 67529150384032
48 -2 88305870886784
48 0 96483607583680
48 2 88305870886784
48 4 67529150384032
48 6 42813435263488
48 8 22187828684416
48 10 9191879939200
48 12 2941263522880
48 14 688366965760
48 16 107537502752
48 18 9459531648
48 20 322239232
52 -18 963252480
52 -16 16246425344
52 -14 126633043200
52 -12 616313717376
52 -10 2115782120192
52 -8 5467616124416
52 -6 11076528167424
52 -4 18055710536320
52 -2 24063913720064
52 0 26457519295744
52 2 24063913720064
52 4 18055710536320
52 6 11076528167424
52 8 5467616124416
52 10 2115782120192
52 12 616313717376
52 14 126633043200
52 16 16246425344
52 18 963252480
56 -18 104747904
56 -16 2181856768
56 -14 20935797760
56 -12 118239941888
56 -10 449395132864
56 -8 1248300322496
56 -6 2662926206336
56 -4 4492930309120
56 -2 6108586866816
56 0 6760065984128
56 2 6108586866816
56 4 4492930309120
56 6 2662926206336
56 8 1248300322496
56 10 449395132864
56 12 118239941888
56 14 20935797760
56 16 2181856768
56 18 104747904
60 -16 224059392
60 -14 3156147200
60 -12 20963731840
60 -10 88602292992
60 -8 266121718656
60 -6 599140014592
60 -4 1047876596864
60 -2 1454727191296
60 0 1620516561152
60 2 1454727191296
60 4 1047876596864
60 6 599140014592
60 8 266121718656
60 10 88602292992
60 12 20963731840
60 14 3156147200
60 16 224059392
64 -16 31534744
64 -14 445525504
64 -12 3416797824
64 -10 16420600960
64 -8 53458834752
64 -6 127203767424
64 -4 231164695936
64 -2 327616830208
64 0 367753502920
64 2 327616830208
64 4 231164695936
64 6 127203767424
64 8 53458834752
64 10 16420600960
64 12 3416797824
64 14 445525504
64 16 31534744
68 -14 45550592
68 -12 535740928
68 -10 2893796096
68 -8 10181292416
68 -6 25818758656
68 -4 48624206848
68 -2 70529566464
68 0 79658114304
68 2 70529566464
68 4 48624206848
68 6 25818758656
68 8 10181292416
68 10 2893796096
68 12 535740928
68 14 45550592
72 -14 8617024
72 -12 81159040
72 -10 475026560
72 -8 1889764160
72 -6 5038594496
72 -4 9880613760
72 -2 14669766976
72 0 16661174656
72 2 14669766976
72 4 9880613760
72 6 5038594496
72 8 1889764160
72 10 475026560
72 12 81159040
72 14 8617024
76 -12 7859456
76 -10 80923648
76 -8 338027776
76 -6 953072384
76 -4 1972737408
76 -2 2958415104
76 0 3421309952
76 2 2958415104
76 4 1972737408
76 6 953072384
76 8 338027776
76 10 80923648
76 12 7859456
80 -12 2080576
80 -10 12907392
80 -8 56278720
80 -6 184376960
80 -4 379651040
80 -2 597967488
80 0 683923328
80 2 597967488
80 4 379651040
80 6 184376960
80 8 56278720
80 10 12907392
80 12 2080576
84 -10 1091328
84 -8 10854400
84 -6 32759808
84 -4 73569920
84 -2 119281408
84 0 135569664
84 2 119281408
84 4 73569920
84 6 32759808
84 8 10854400
84 10 1091328
88 -10 430848
88 -8 1700096
88 -6 5578304
88 -4 15149312
88 -2 22150400
88 0 28533632
88 2 22150400
88 4 15149312
88 6 5578304
88 8 1700096
88 10 430848
92 -8 112896
92 -6 1254656
92 -4 2413824
92 -2 4689152
92 0 5187328
92 2 4689152
92 4 2413824
92 6 1254656
92 8 112896
96 -8 73840
96 -6 171008
96 -4 458496
96 -2 964864
96 0 938160
96 2 964864
96 4 458496
96 6 171008
96 8 73840
100 -6 7680
100 -4 116992
100 -2 111616
100 0 240384
100 2 111616
100 4 116992
100 6 7680
104 -6 9984
104 -4 11520
104 -2 32448
104 0 37504
104 2 32448
104 4 11520
104 6 9984
108 -4 256
108 -2 7680
108 0 2048
108 2 7680
108 4 256
112 -4 992
112 -2 384
112 0 1920
112 2 384
112 4 992
116 0 256
120 -2 64
120 2 64
128 0 2
