-162 -81 1
-162 81 1
-154 -79 81
-154 79 81
-150 -77 162
-150 77 162
-146 -77 3078
-146 -75 486
-146 -73 81
-146 73 81
-146 75 486
-146 77 3078
-142 -75 11826
-142 -73 1458
-142 -71 648
-142 -69 162
-142 69 162
-142 71 648
-142 73 1458
-142 75 11826
-138 -75 73008
-138 -73 45603
-138 -71 10044
-138 -69 3240
-138 -67 1782
-138 -65 486
-138 -63 81
-138 63 81
-138 65 486
-138 67 1782
-138 69 3240
-138 71 10044
-138 73 45603
-138 75 73008
-134 -73 403218
-134 -71 164430
-134 -69 68040
-134 -67 24138
-134 -65 10854
-134 -63 5832
-134 -61 2430
-134 -59 648
-134 -57 162
-134 57 162
-134 59 648
-134 61 2430
-134 63 5832
-134 65 10854
-134 67 24138
-134 69 68040
-134 71 164430
-134 73 403218
-130 -73 1213380
-130 -71 1866159
-130 -69 752004
-130 -67 367416
-130 -65 189621
-130 -63 83106
-130 -61 43902
-130 -59 25110
-130 -57 12231
-130 -55 5508
-130 -53 1782
-130 -51 486
-130 -49 81
-130 49 81
-130 51 486
-130 53 1782
-130 55 5508
-130 57 12231
-130 59 25110
-130 61 43902
-130 63 83106
-130 65 189621
-130 67 367416
-130 69 752004
-130 71 1866159
-130 73 1213380
-126 -71 8541774
-126 -69 7689384
-126 -67 3963330
-126 -65 2025972
-126 -63 1184076
-126 -61 656910
-126 -59 360936
-126 -57 205902
-126 -55 121662
-126 -53 69984
-126 -51 36936
-126 -49 17658
-126 -47 7128
-126 -45 2448
-126 -43 648
-126 -41 162
-126 -27 18
-126 -9 18
-126 9 18
-126 27 18
-126 41 162
-126 43 648
-126 45 2448
-126 47 7128
-126 49 17658
-126 51 36936
-126 53 69984
-126 55 121662
-126 57 205902
-126 59 360936
-126 61 656910
-126 63 1184076
-126 65 2025972
-126 67 3963330
-126 69 7689384
-126 71 8541774
-122 -71 15038541
-122 -69 45396288
-122 -67 33115068
-122 -65 20211282
-122 -63 11925954
-122 -61 7118280
-122 -59 4431348
-122 -57 2788263
-122 -55 1701081
-122 -53 1069848
-122 -51 663390
-122 -49 409536
-122 -47 248103
-122 -45 139968
-122 -43 74358
-122 -41 34830
-122 -39 15471
-122 -37 5832
-122 -35 2106
-122 -33 810
-122 -31 405
-122 -29 324
-122 -25 324
-122 -23 324
-122 -21 324
-122 -19 324
-122 -17 324
-122 -15 324
-122 -13 324
-122 -11 324
-122 -7 324
-122 -5 324
-122 -3 324
-122 -1 324
-122 1 324
-122 3 324
-122 5 324
-122 7 324
-122 11 324
-122 13 324
-122 15 324
-122 17 324
-122 19 324
-122 21 324
-122 23 324
-122 25 324
-122 29 324
-122 31 405
-122 33 810
-122 35 2106
-122 37 5832
-122 39 15471
-122 41 34830
-122 43 74358
-122 45 139968
-122 47 248103
-122 49 409536
-122 51 663390
-122 53 1069848
-122 55 1701081
-122 57 2788263
-122 59 4431348
-122 61 7118280
-122 63 11925954
-122 65 20211282
-122 67 33115068
-122 69 45396288
-122 71 15038541
-118 -69 126175644
-118 -67 206991936
-118 -65 153036054
-118 -63 101064834
-118 -61 67070592
-118 -59 43356546
-118 -57 28494990
-118 -55 19224702
-118 -53 12859236
-118 -51 8696808
-118 -49 5809482
-118 -47 3852036
-118 -45 2545182
-118 -43 1648026
-118 -41 1053486
-118 -39 641844
-118 -37 377622
-118 -35 210438
-118 -33 113238
-118 -31 60750
-118 -29 34830
-118 -27 25272
-118 -25 18468
-118 -23 16038
-118 -21 15552
-118 -19 15390
-118 -17 15390
-118 -15 15390
-118 -13 15390
-118 -11 15714
-118 -9 18144
-118 -7 15876
-118 -5 15390
-118 -3 15390
-118 -1 15390
-118 1 15390
-118 3 15390
-118 5 15390
-118 7 15876
-118 9 18144
-118 11 15714
-118 13 15390
-118 15 15390
-118 17 15390
-118 19 15390
-118 21 15552
-118 23 16038
-118 25 18468
-118 27 25272
-118 29 34830
-118 31 60750
-118 33 113238
-118 35 210438
-118 37 377622
-118 39 641844
-118 41 1053486
-118 43 1648026
-118 45 2545182
-118 47 3852036
-118 49 5809482
-118 51 8696808
-118 53 12859236
-118 55 19224702
-118 57 28494990
-118 59 43356546
-118 61 67070592
-118 63 101064834
-118 65 153036054
-118 67 206991936
-118 69 126175644
-114 -69 144455454
-114 -67 746273250
-114 -65 907214661
-114 -63 717471783
-114 -61 512041014
-114 -59 362297934
-114 -57 253531107
-114 -55 178263990
-114 -53 126152316
-114 -51 89833806
-114 -49 64301850
-114 -47 45966528
-114 -45 32773248
-114 -43 23178312
-114 -41 16241310
-114 -39 11315322
-114 -37 7810182
-114 -35 5339034
-114 -33 3602502
-114 -31 2415420
-114 -29 1616112
-114 -27 1102572
-114 -25 795258
-114 -23 632610
-114 -21 535194
-114 -19 487782
-114 -17 464859
-114 -15 455328
-114 -13 451980
-114 -11 444366
-114 -9 435537
-114 -7 440964
-114 -5 450522
-114 -3 449820
-114 -1 449712
-114 1 449712
-114 3 449820
-114 5 450522
-114 7 440964
-114 9 435537
-114 11 444366
-114 13 451980
-114 15 455328
-114 17 464859
-114 19 487782
-114 21 535194
-114 23 632610
-114 25 795258
-114 27 1102572
-114 29 1616112
-114 31 2415420
-114 33 3602502
-114 35 5339034
-114 37 7810182
-114 39 11315322
-114 41 16241310
-114 43 23178312
-114 45 32773248
-114 47 45966528
-114 49 64301850
-114 51 89833806
-114 53 126152316
-114 55 178263990
-114 57 253531107
-114 59 362297934
-114 61 512041014
-114 63 717471783
-114 65 907214661
-114 67 746273250
-114 69 144455454
-110 -67 1382890482
-110 -65 3678923124
-110 -63 4000830732
-110 -61 3335026122
-110 -59 2568615786
-110 -57 1923772194
-110 -55 1426507848
-110 -53 1063261890
-110 -51 791849844
-110 -49 593555202
-110 -47 445720644
-110 -45 334741410
-110 -43 252197712
-110 -41 189382374
-110 -39 141902604
-110 -37 105790698
-110 -35 78736212
-110 -33 58630392
-110 -31 43731090
-110 -29 32927148
-110 -27 25031106
-110 -25 19449720
-110 -23 15363594
-110 -21 12674070
-110 -19 10870038
-110 -17 9728262
-110 -15 9024210
-110 -13 8608842
-110 -11 8436798
-110 -9 8321940
-110 -7 8281440
-110 -5 8169012
-110 -3 8165448
-110 -1 8162208
-110 1 8162208
-110 3 8165448
-110 5 8169012
-110 7 8281440
-110 9 8321940
-110 11 8436798
-110 13 8608842
-110 15 9024210
-110 17 9728262
-110 19 10870038
-110 21 12674070
-110 23 15363594
-110 25 19449720
-110 27 25031106
-110 29 32927148
-110 31 43731090
-110 33 58630392
-110 35 78736212
-110 37 105790698
-110 39 141902604
-110 41 189382374
-110 43 252197712
-110 45 334741410
-110 47 445720644
-110 49 593555202
-110 51 791849844
-110 53 1063261890
-110 55 1426507848
-110 57 1923772194
-110 59 2568615786
-110 61 3335026122
-110 63 4000830732
-110 65 3678923124
-110 67 1382890482
-106 -67 1103589198
-106 -65 8888502843
-106 -63 16661625966
-106 -61 17678024496
-106 -59 15432019074
-106 -57 12608053623
-106 -55 9976673610
-106 -53 7792658622
-106 -51 6085139418
-106 -49 4745555019
-106 -47 3716054496
-106 -45 2915908146
-106 -43 2288429820
-106 -41 1800465894
-106 -39 1416501756
-106 -37 1116686412
-106 -35 880435980
-106 -33 695169135
-106 -31 550845684
-106 -29 438571584
-106 -27 352882332
-106 -25 287262126
-106 -23 238727898
-106 -21 202012866
-106 -19 174968748
-106 -17 155170647
-106 -15 141005610
-106 -13 131029974
-106 -11 123877998
-106 -9 119310489
-106 -7 116198064
-106 -5 114790284
-106 -3 113738904
-106 -1 113263434
-106 1 113263434
-106 3 113738904
-106 5 114790284
-106 7 116198064
-106 9 119310489
-106 11 123877998
-106 13 131029974
-106 15 141005610
-106 17 155170647
-106 19 174968748
-106 21 202012866
-106 23 238727898
-106 25 287262126
-106 27 352882332
-106 29 438571584
-106 31 550845684
-106 33 695169135
-106 35 880435980
-106 37 1116686412
-106 39 1416501756
-106 41 1800465894
-106 43 2288429820
-106 45 2915908146
-106 47 3716054496
-106 49 4745555019
-106 51 6085139418
-106 53 7792658622
-106 55 9976673610
-106 57 12608053623
-106 59 15432019074
-106 61 17678024496
-106 63 16661625966
-106 65 8888502843
-106 67 1103589198
-102 -65 11685071988
-102 -63 46521022518
-102 -61 72736329780
-102 -59 77410062828
-102 -57 70705789974
-102 -55 60648430698
-102 -53 50340764844
-102 -51 41207951934
-102 -49 33553124910
-102 -47 27262501128
-102 -45 22177695888
-102 -43 18068695758
-102 -41 14743659366
-102 -39 12052836828
-102 -37 9866566908
-102 -35 8097956370
-102 -33 6665674032
-102 -31 5508507222
-102 -29 4576847976
-102 -27 3828550752
-102 -25 3232832796
-102 -23 2759368680
-102 -21 2388637674
-102 -19 2101262148
-102 -17 1880463114
-102 -15 1711988514
-102 -13 1585388862
-102 -11 1491871122
-102 -9 1423330110
-102 -7 1374096798
-102 -5 1339458606
-102 -3 1318321764
-102 -1 1308546414
-102 1 1308546414
-102 3 1318321764
-102 5 1339458606
-102 7 1374096798
-102 9 1423330110
-102 11 1491871122
-102 13 1585388862
-102 15 1711988514
-102 17 1880463114
-102 19 2101262148
-102 21 2388637674
-102 23 2759368680
-102 25 3232832796
-102 27 3828550752
-102 29 4576847976
-102 31 5508507222
-102 33 6665674032
-102 35 8097956370
-102 37 9866566908
-102 39 12052836828
-102 41 14743659366
-102 43 18068695758
-102 45 22177695888
-102 47 27262501128
-102 49 33553124910
-102 51 41207951934
-102 53 50340764844
-102 55 60648430698
-102 57 70705789974
-102 59 77410062828
-102 61 72736329780
-102 63 46521022518
-102 65 11685071988
-98 -65 6829066665
-98 -63 80083054242
-98 -61 217343614014
-98 -59 310723272018
-98 -57 334997594856
-98 -55 318666728583
-98 -53 285423617322
-98 -51 247255396722
-98 -49 210853609542
-98 -47 178327052712
-98 -45 150303799422
-98 -43 126595527912
-98 -41 106639875999
-98 -39 89974666998
-98 -37 76048165440
-98 -35 64421577720
-98 -33 54731106108
-98 -31 46663762392
-98 -29 39976869762
-98 -27 34443942822
-98 -25 29895596883
-98 -23 26169825546
-98 -21 23144421438
-98 -19 20693150676
-98 -17 18729972225
-98 -15 17174791098
-98 -13 15953256504
-98 -11 15011151336
-98 -9 14293553625
-98 -7 13773950532
-98 -5 13408595334
-98 -3 13180825116
-98 -1 13067609229
-98 1 13067609229
-98 3 13180825116
-98 5 13408595334
-98 7 13773950532
-98 9 14293553625
-98 11 15011151336
-98 13 15953256504
-98 15 17174791098
-98 17 18729972225
-98 19 20693150676
-98 21 23144421438
-98 23 26169825546
-98 25 29895596883
-98 27 34443942822
-98 29 39976869762
-98 31 46663762392
-98 33 54731106108
-98 35 64421577720
-98 37 76048165440
-98 39 89974666998
-98 41 106639875999
-98 43 126595527912
-98 45 150303799422
-98 47 178327052712
-98 49 210853609542
-98 51 247255396722
-98 53 285423617322
-98 55 318666728583
-98 57 334997594856
-98 59 310723272018
-98 61 217343614014
-98 63 80083054242
-98 65 6829066665
-94 -63 78099023232
-94 -61 438385304412
-94 -59 950845360572
-94 -57 1301067927324
-94 -55 1428578190342
-94 -53 1408592850228
-94 -51 1311106798242
-94 -49 1180591939368
-94 -47 1044316709766
-94 -45 914259845628
-94 -43 796302144918
-94 -41 692097521688
-94 -39 601008669558
-94 -37 522331667262
-94 -35 454604282064
-94 -33 396562081284
-94 -31 346987594260
-94 -29 304730828676
-94 -27 268917542298
-94 -25 238616511984
-94 -23 213176750940
-94 -21 191876005332
-94 -19 174228873426
-94 -17 159689735658
-94 -15 147820293576
-94 -13 138257829180
-94 -11 130645709028
-94 -9 124746542694
-94 -7 120259527606
-94 -5 117073783674
-94 -3 115004444760
-94 -1 114006896874
-94 1 114006896874
-94 3 115004444760
-94 5 117073783674
-94 7 120259527606
-94 9 124746542694
-94 11 130645709028
-94 13 138257829180
-94 15 147820293576
-94 17 159689735658
-94 19 174228873426
-94 21 191876005332
-94 23 213176750940
-94 25 238616511984
-94 27 268917542298
-94 29 304730828676
-94 31 346987594260
-94 33 396562081284
-94 35 454604282064
-94 37 522331667262
-94 39 601008669558
-94 41 692097521688
-94 43 796302144918
-94 45 914259845628
-94 47 1044316709766
-94 49 1180591939368
-94 51 1311106798242
-94 53 1408592850228
-94 55 1428578190342
-94 57 1301067927324
-94 59 950845360572
-94 61 438385304412
-94 63 78099023232
-90 -63 34690541994
-90 -61 561778797672
-90 -59 2098582250040
-90 -57 3983701845600
-90 -55 5339476304793
-90 -53 5982183729072
-90 -51 6092207654148
-90 -49 5870416305294
-90 -47 5473323798993
-90 -45 5004674270496
-90 -43 4521920971716
-90 -41 4058055383256
-90 -39 3628714210173
-90 -37 3239237675952
-90 -35 2891282825052
-90 -33 2583047232000
-90 -31 2311981535196
-90 -29 2075040921960
-90 -27 1868836612086
-90 -25 1690561498653
-90 -23 1537078103685
-90 -21 1405952075160
-90 -19 1294533300924
-90 -17 1200709782117
-90 -15 1122485545305
-90 -13 1058029354152
-90 -11 1005822164142
-90 -9 964396603836
-90 -7 932765920245
-90 -5 909829190016
-90 -3 894982851486
-90 -1 887643487575
-90 1 887643487575
-90 3 894982851486
-90 5 909829190016
-90 7 932765920245
-90 9 964396603836
-90 11 1005822164142
-90 13 1058029354152
-90 15 1122485545305
-90 17 1200709782117
-90 19 1294533300924
-90 21 1405952075160
-90 23 1537078103685
-90 25 1690561498653
-90 27 1868836612086
-90 29 2075040921960
-90 31 2311981535196
-90 33 2583047232000
-90 35 2891282825052
-90 37 3239237675952
-90 39 3628714210173
-90 41 4058055383256
-90 43 4521920971716
-90 45 5004674270496
-90 47 5473323798993
-90 49 5870416305294
-90 51 6092207654148
-90 53 5982183729072
-90 55 5339476304793
-90 57 3983701845600
-90 59 2098582250040
-90 61 561778797672
-90 63 34690541994
-86 -61 420421042440
-86 -59 3175421658606
-86 -57 9214201849266
-86 -55 16130642334930
-86 -53 21454794135594
-86 -51 24530800510620
-86 -49 25723125711630
-86 -47 25580780306226
-86 -45 24614007690960
-86 -43 23196329861292
-86 -41 21571793775594
-86 -39 19896795998370
-86 -37 18260778588894
-86 -35 16714126861848
-86 -33 15282941355540
-86 -31 13977359099928
-86 -29 12799708926336
-86 -27 11746833221808
-86 -25 10812800343384
-86 -23 9990533105766
-86 -21 9272033613342
-86 -19 8649439892226
-86 -17 8114947462494
-86 -15 7660944326628
-86 -13 7280421641946
-86 -11 6967054203498
-86 -9 6715053725850
-86 -7 6519529703916
-86 -5 6376399571646
-86 -3 6282760876938
-86 -1 6236468244882
-86 1 6236468244882
-86 3 6282760876938
-86 5 6376399571646
-86 7 6519529703916
-86 9 6715053725850
-86 11 6967054203498
-86 13 7280421641946
-86 15 7660944326628
-86 17 8114947462494
-86 19 8649439892226
-86 21 9272033613342
-86 23 9990533105766
-86 25 10812800343384
-86 27 11746833221808
-86 29 12799708926336
-86 31 13977359099928
-86 33 15282941355540
-86 35 16714126861848
-86 37 18260778588894
-86 39 19896795998370
-86 41 21571793775594
-86 43 23196329861292
-86 45 24614007690960
-86 47 25580780306226
-86 49 25723125711630
-86 51 24530800510620
-86 53 21454794135594
-86 55 16130642334930
-86 57 9214201849266
-86 59 3175421658606
-86 61 420421042440
-82 -61 146127335256
-82 -59 3131302851900
-82 -57 15448291095555
-82 -55 38065489811217
-82 -53 63369837992682
-82 -51 84262721977278
-82 -49 98271888113709
-82 -47 105831136558665
-82 -45 108314781175404
-82 -43 107255200204044
-82 -41 103912782648984
-82 -39 99222210142758
-82 -37 93846382129926
-82 -35 88214159093310
-82 -33 82610033237307
-82 -31 77211477970938
-82 -29 72123512986332
-82 -27 67408961277852
-82 -25 63096276865698
-82 -23 59197669817526
-82 -21 55709327510964
-82 -19 52621786648944
-82 -17 49918431061161
-82 -15 47581511780403
-82 -13 45591841243494
-82 -11 43928948895534
-82 -9 42575851793358
-82 -7 41514464693556
-82 -5 40732409309616
-82 -3 40216748567292
-82 -1 39961188276291
-82 1 39961188276291
-82 3 40216748567292
-82 5 40732409309616
-82 7 41514464693556
-82 9 42575851793358
-82 11 43928948895534
-82 13 45591841243494
-82 15 47581511780403
-82 17 49918431061161
-82 19 52621786648944
-82 21 55709327510964
-82 23 59197669817526
-82 25 63096276865698
-82 27 67408961277852
-82 29 72123512986332
-82 31 77211477970938
-82 33 82610033237307
-82 35 88214159093310
-82 37 93846382129926
-82 39 99222210142758
-82 41 103912782648984
-82 43 107255200204044
-82 45 108314781175404
-82 47 105831136558665
-82 49 98271888113709
-82 51 84262721977278
-82 53 63369837992682
-82 55 38065489811217
-82 57 15448291095555
-82 59 3131302851900
-82 61 146127335256
-78 -59 1847096849772
-78 -57 18069916475466
-78 -55 67849644709566
-78 -53 149925101209668
-78 -51 241850361033594
-78 -49 322871600369160
-78 -47 383749471024668
-78 -45 423498722283990
-78 -43 444968469953298
-78 -41 452320387270542
-78 -39 449493677751978
-78 -37 439755239222478
-78 -35 425641206124440
-78 -33 408980078218152
-78 -31 391094719753824
-78 -29 372911674667562
-78 -27 355062641150790
-78 -25 337987798069212
-78 -23 321966514054278
-78 -21 307187741938068
-78 -19 293755100178564
-78 -17 281727916703154
-78 -15 271124046932760
-78 -13 261936812306088
-78 -11 254148740579466
-78 -9 247725265347036
-78 -7 242639193190626
-78 -5 238853500014150
-78 -3 236347860700638
-78 -1 235098743625810
-78 1 235098743625810
-78 3 236347860700638
-78 5 238853500014150
-78 7 242639193190626
-78 9 247725265347036
-78 11 254148740579466
-78 13 261936812306088
-78 15 271124046932760
-78 17 281727916703154
-78 19 293755100178564
-78 21 307187741938068
-78 23 321966514054278
-78 25 337987798069212
-78 27 355062641150790
-78 29 372911674667562
-78 31 391094719753824
-78 33 408980078218152
-78 35 425641206124440
-78 37 439755239222478
-78 39 449493677751978
-78 41 452320387270542
-78 43 444968469953298
-78 45 423498722283990
-78 47 383749471024668
-78 49 322871600369160
-78 51 241850361033594
-78 53 149925101209668
-78 55 67849644709566
-78 57 18069916475466
-78 59 1847096849772
-74 -59 514375761402
-74 -57 14075225439219
-74 -55 88583877122463
-74 -53 276384021211134
-74 -51 566845490284002
-74 -49 896611326938820
-74 -47 1204710159468348
-74 -45 1457718406116462
-74 -43 1645289719479000
-74 -41 1770743903571198
-74 -39 1843758339580476
-74 -37 1875456710716374
-74 -35 1876259858099526
-74 -33 1854997950684348
-74 -31 1818677192155506
-74 -29 1772744160361068
-74 -27 1721332873826298
-74 -25 1667527623721404
-74 -23 1613639743124661
-74 -21 1561345652332134
-74 -19 1511882084965500
-74 -17 1466120925817425
-74 -15 1424676199257927
-74 -13 1387966857422634
-74 -11 1356256438589898
-74 -9 1329718312736928
-74 -7 1308436351994448
-74 -5 1292464480538142
-74 -3 1281810877680618
-74 -1 1276486371549990
-74 1 1276486371549990
-74 3 1281810877680618
-74 5 1292464480538142
-74 7 1308436351994448
-74 9 1329718312736928
-74 11 1356256438589898
-74 13 1387966857422634
-74 15 1424676199257927
-74 17 1466120925817425
-74 19 1511882084965500
-74 21 1561345652332134
-74 23 1613639743124661
-74 25 1667527623721404
-74 27 1721332873826298
-74 29 1772744160361068
-74 31 1818677192155506
-74 33 1854997950684348
-74 35 1876259858099526
-74 37 1875456710716374
-74 39 1843758339580476
-74 41 1770743903571198
-74 43 1645289719479000
-74 45 1457718406116462
-74 47 1204710159468348
-74 49 896611326938820
-74 51 566845490284002
-74 53 276384021211134
-74 55 88583877122463
-74 57 14075225439219
-74 59 514375761402
-70 -57 6689166081462
-70 -55 82077174551736
-70 -53 387070399209744
-70 -51 1060352221805802
-70 -49 2064284174583756
-70 -47 3226213742442372
-70 -45 4368581061209910
-70 -43 5375681013393396
-70 -41 6194082585255282
-70 -39 6814674907049196
-70 -37 7253640074212272
-70 -35 7537980295733148
-70 -33 7697439717674166
-70 -31 7759937693060568
-70 -29 7749704051114616
-70 -27 7686972849550122
-70 -25 7588146286719846
-70 -23 7466334593336586
-70 -21 7331908468947282
-70 -19 7192985424021288
-70 -17 7055881730213004
-70 -15 6925471903268208
-70 -13 6805464750576288
-70 -11 6698663332261308
-70 -9 6607146717377172
-70 -7 6532423002334566
-70 -5 6475566971231532
-70 -3 6437295595843308
-70 -1 6418055605539618
-70 1 6418055605539618
-70 3 6437295595843308
-70 5 6475566971231532
-70 7 6532423002334566
-70 9 6607146717377172
-70 11 6698663332261308
-70 13 6805464750576288
-70 15 6925471903268208
-70 17 7055881730213004
-70 19 7192985424021288
-70 21 7331908468947282
-70 23 7466334593336586
-70 25 7588146286719846
-70 27 7686972849550122
-70 29 7749704051114616
-70 31 7759937693060568
-70 33 7697439717674166
-70 35 7537980295733148
-70 37 7253640074212272
-70 39 6814674907049196
-70 41 6194082585255282
-70 43 5375681013393396
-70 45 4368581061209910
-70 47 3226213742442372
-70 49 2064284174583756
-70 51 1060352221805802
-70 53 387070399209744
-70 55 82077174551736
-70 57 6689166081462
-66 -57 1522229227506
-66 -55 51591214912203
-66 -53 402062137240428
-66 -51 1549948917396996
-66 -49 3865333404810285
-66 -47 7250649047810478
-66 -45 11252747021727402
-66 -43 15365016822293406
-66 -41 19206215529717825
-66 -39 22553817367718979
-66 -37 25317835483635216
-66 -35 27497258798141250
-66 -33 29140966110073221
-66 -31 30321382407580251
-66 -29 31116985744857426
-66 -27 31602995872050528
-66 -25 31847234636302002
-66 -23 31908327208077015
-66 -21 31835951831696004
-66 -19 31671400271752170
-66 -17 31448675471093145
-66 -15 31195417232681685
-66 -13 30933915686986986
-66 -11 30681932882453748
-66 -9 30453351751907586
-66 -7 30258939402525438
-66 -5 30106617575019678
-66 -3 30002101084271754
-66 -1 29948950750439070
-66 1 29948950750439070
-66 3 30002101084271754
-66 5 30106617575019678
-66 7 30258939402525438
-66 9 30453351751907586
-66 11 30681932882453748
-66 13 30933915686986986
-66 15 31195417232681685
-66 17 31448675471093145
-66 19 31671400271752170
-66 21 31835951831696004
-66 23 31908327208077015
-66 25 31847234636302002
-66 27 31602995872050528
-66 29 31116985744857426
-66 31 30321382407580251
-66 33 29140966110073221
-66 35 27497258798141250
-66 37 25317835483635216
-66 39 22553817367718979
-66 41 19206215529717825
-66 43 15365016822293406
-66 45 11252747021727402
-66 47 7250649047810478
-66 49 3865333404810285
-66 51 1549948917396996
-66 53 402062137240428
-66 55 51591214912203
-66 57 1522229227506
-62 -55 20120414782824
-62 -53 301136807829384
-62 -51 1736614082581470
-62 -49 5782830099993126
-62 -47 13454264065378176
-62 -45 24566609678065218
-62 -43 37984590123758964
-62 -41 52307118241284672
-62 -39 66341028646351080
-62 -37 79266069096692418
-62 -35 90627765284955546
-62 -33 100254692329009182
-62 -31 108164277070430274
-62 -29 114486524964281682
-62 -27 119406973413691368
-62 -25 123130151807099202
-62 -23 125858420520871986
-62 -21 127779639141440952
-62 -19 129062281429042542
-62 -17 129853312580161422
-62 -15 130278708775273752
-62 -13 130444607595567384
-62 -11 130438937050810308
-62 -9 130333416910898904
-62 -7 130184777346592320
-62 -5 130036843043416638
-62 -3 129921079508930700
-62 -1 129858174711472950
-62 1 129858174711472950
-62 3 129921079508930700
-62 5 130036843043416638
-62 7 130184777346592320
-62 9 130333416910898904
-62 11 130438937050810308
-62 13 130444607595567384
-62 15 130278708775273752
-62 17 129853312580161422
-62 19 129062281429042542
-62 21 127779639141440952
-62 23 125858420520871986
-62 25 123130151807099202
-62 27 119406973413691368
-62 29 114486524964281682
-62 31 108164277070430274
-62 33 100254692329009182
-62 35 90627765284955546
-62 37 79266069096692418
-62 39 66341028646351080
-62 41 52307118241284672
-62 43 37984590123758964
-62 45 24566609678065218
-62 47 13454264065378176
-62 49 5782830099993126
-62 51 1736614082581470
-62 53 301136807829384
-62 55 20120414782824
-58 -55 3805499833344
-58 -53 155514931824492
-58 -51 1462014833384250
-58 -49 6803386871157477
-58 -47 20305634052718782
-58 -45 44828840868484068
-58 -43 80240154292483938
-58 -41 123863428831177359
-58 -39 171980657327400300
-58 -37 221050619208131364
-58 -35 268307568937465560
-58 -33 311909643225523575
-58 -31 350834911218820674
-58 -29 384688125453149874
-58 -27 413506844617679856
-58 -25 437597000207012826
-58 -23 457411578006714291
-58 -21 473467916922258312
-58 -19 486293003775575298
-58 -17 496391266288777293
-58 -15 504225580472143398
-58 -13 510207797795983704
-58 -11 514694987469046530
-58 -9 517988316020868639
-58 -7 520334758757344095
-58 -5 521928068176651410
-58 -3 522911800493038962
-58 -1 523380191301273843
-58 1 523380191301273843
-58 3 522911800493038962
-58 5 521928068176651410
-58 7 520334758757344095
-58 9 517988316020868639
-58 11 514694987469046530
-58 13 510207797795983704
-58 15 504225580472143398
-58 17 496391266288777293
-58 19 486293003775575298
-58 21 473467916922258312
-58 23 457411578006714291
-58 25 437597000207012826
-58 27 413506844617679856
-58 29 384688125453149874
-58 31 350834911218820674
-58 33 311909643225523575
-58 35 268307568937465560
-58 37 221050619208131364
-58 39 171980657327400300
-58 41 123863428831177359
-58 43 80240154292483938
-58 45 44828840868484068
-58 47 20305634052718782
-58 49 6803386871157477
-58 51 1462014833384250
-58 53 155514931824492
-58 55 3805499833344
-54 -53 50567062811670
-54 -51 900586577588454
-54 -49 6199438946807844
-54 -47 24596393041449630
-54 -45 67505376584650572
-54 -43 143117250360974748
-54 -41 252343090346302476
-54 -39 389383143912792162
-54 -37 544862103631730694
-54 -35 708831738621567018
-54 -33 872635731861249810
-54 -31 1029706022056634874
-54 -29 1175631564048928380
-54 -27 1307864741272167228
-54 -25 1425303519115789116
-54 -23 1527873780599272404
-54 -21 1616177880118540638
-54 -19 1691222126169812814
-54 -17 1754217171520607322
-54 -15 1806438873910811292
-54 -13 1849134500698836006
-54 -11 1883460960152964738
-54 -9 1910446427196851526
-54 -7 1930966394941779120
-54 -5 1945730415760917390
-54 -3 1955274206944351860
-54 -1 1959956327412824382
-54 1 1959956327412824382
-54 3 1955274206944351860
-54 5 1945730415760917390
-54 7 1930966394941779120
-54 9 1910446427196851526
-54 11 1883460960152964738
-54 13 1849134500698836006
-54 15 1806438873910811292
-54 17 1754217171520607322
-54 19 1691222126169812814
-54 21 1616177880118540638
-54 23 1527873780599272404
-54 25 1425303519115789116
-54 27 1307864741272167228
-54 29 1175631564048928380
-54 31 1029706022056634874
-54 33 872635731861249810
-54 35 708831738621567018
-54 37 544862103631730694
-54 39 389383143912792162
-54 41 252343090346302476
-54 43 143117250360974748
-54 45 67505376584650572
-54 47 24596393041449630
-54 49 6199438946807844
-54 51 900586577588454
-54 53 50567062811670
-50 -53 8067887668260
-50 -51 388075479417774
-50 -49 4299080202507771
-50 -47 23625873221327685
-50 -45 82951524109934100
-50 -43 213184810757543652
-50 -41 437742186835421808
-50 -39 762842357536250061
-50 -37 1177419030588583146
-50 -35 1659231720518585472
-50 -33 2181874555001960370
-50 -31 2720003957611127523
-50 -29 3252280132334266704
-50 -27 3762440822367642258
-50 -25 4239211317122519127
-50 -23 4675619301009952140
-50 -21 5068090288217027196
-50 -19 5415557418444378510
-50 -17 5718682119843679491
-50 -15 5979222982292488110
-50 -13 6199546520077321680
-50 -11 6382262110825384542
-50 -9 6529955294722560903
-50 -7 6644996590892550831
-50 -5 6729409333116101628
-50 -3 6784777038219017076
-50 -1 6812185499314285545
-50 1 6812185499314285545
-50 3 6784777038219017076
-50 5 6729409333116101628
-50 7 6644996590892550831
-50 9 6529955294722560903
-50 11 6382262110825384542
-50 13 6199546520077321680
-50 15 5979222982292488110
-50 17 5718682119843679491
-50 19 5415557418444378510
-50 21 5068090288217027196
-50 23 4675619301009952140
-50 25 4239211317122519127
-50 27 3762440822367642258
-50 29 3252280132334266704
-50 31 2720003957611127523
-50 33 2181874555001960370
-50 35 1659231720518585472
-50 37 1177419030588583146
-50 39 762842357536250061
-50 41 437742186835421808
-50 43 213184810757543652
-50 45 82951524109934100
-50 47 23625873221327685
-50 49 4299080202507771
-50 51 388075479417774
-50 53 8067887668260
-46 -51 106689863972394
-46 -49 2210945973823422
-46 -47 17770673667751848
-46 -45 82367647605841968
-46 -43 262706608682173134
-46 -41 640546040334648762
-46 -39 1281623428153379538
-46 -37 2212373535329740104
-46 -35 3416103074312258886
-46 -33 4843724833154168676
-46 -31 6429087644246843256
-46 -29 8102406001153240764
-46 -27 9799380495004845978
-46 -25 11466018287476791246
-46 -23 13060241575256780910
-46 -21 14551462820862302418
-46 -19 15919076625364340496
-46 -17 17150546826931896900
-46 -15 18239472369093303234
-46 -13 19183842593385938118
-46 -11 19984559814622938060
-46 -9 20644242900169159080
-46 -7 21166292702006070660
-46 -5 21554177407127452152
-46 -3 21810915244748471058
-46 -1 21938705998873993548
-46 1 21938705998873993548
-46 3 21810915244748471058
-46 5 21554177407127452152
-46 7 21166292702006070660
-46 9 20644242900169159080
-46 11 19984559814622938060
-46 13 19183842593385938118
-46 15 18239472369093303234
-46 17 17150546826931896900
-46 19 15919076625364340496
-46 21 14551462820862302418
-46 23 13060241575256780910
-46 25 11466018287476791246
-46 27 9799380495004845978
-46 29 8102406001153240764
-46 31 6429087644246843256
-46 33 4843724833154168676
-46 35 3416103074312258886
-46 37 2212373535329740104
-46 39 1281623428153379538
-46 41 640546040334648762
-46 43 262706608682173134
-46 45 82367647605841968
-46 47 17770673667751848
-46 49 2210945973823422
-46 51 106689863972394
-42 -51 14551943843592
-42 -49 805913812953783
-42 -47 10297443688069086
-42 -45 65469764992833036
-42 -43 265666407880290894
-42 -41 784340161855756020
-42 -39 1831721551990143543
-42 -37 3586628115296462070
-42 -35 6141287833861531284
-42 -33 9484178986970943426
-42 -31 13515770629100727648
-42 -29 18079530216087473946
-42 -27 22993745758575458094
-42 -25 28076646484643641776
-42 -23 33162721851891901275
-42 -21 38111218707828272202
-42 -19 42808829185240060914
-42 -17 47168624958372132372
-42 -15 51126931449041045652
-42 -13 54639316139489908614
-42 -11 57676447188502928550
-42 -9 60220250924827665348
-42 -7 62260578231158171052
-42 -5 63792468456147461556
-42 -3 64814003857914131376
-42 -1 65324754458402952717
-42 1 65324754458402952717
-42 3 64814003857914131376
-42 5 63792468456147461556
-42 7 62260578231158171052
-42 9 60220250924827665348
-42 11 57676447188502928550
-42 13 54639316139489908614
-42 15 51126931449041045652
-42 17 47168624958372132372
-42 19 42808829185240060914
-42 21 38111218707828272202
-42 23 33162721851891901275
-42 25 28076646484643641776
-42 27 22993745758575458094
-42 29 18079530216087473946
-42 31 13515770629100727648
-42 33 9484178986970943426
-42 35 6141287833861531284
-42 37 3586628115296462070
-42 39 1831721551990143543
-42 41 784340161855756020
-42 43 265666407880290894
-42 45 65469764992833036
-42 47 10297443688069086
-42 49 805913812953783
-42 51 14551943843592
-38 -49 189706807114938
-38 -47 4480826012907120
-38 -45 41200344306566514
-38 -43 218874971181501954
-38 -41 798353503373584548
-38 -39 2212017037506704142
-38 -37 4982195278766255976
-38 -35 9575314128365546466
-38 -33 16274187467248486320
-38 -31 25121512007553586842
-38 -29 35934407909264454102
-38 -27 48361313957925786282
-38 -25 61951638590412981552
-38 -23 76218703961269785984
-38 -21 90687173570490047940
-38 -19 104923606751405289594
-38 -17 118552511681534481552
-38 -15 131261605021250175042
-38 -13 142799951773883536614
-38 -11 152971998058265008194
-38 -9 161629718740832828358
-38 -7 168664390007155874550
-38 -5 173998946050334257158
-38 -3 177581492734041726516
-38 -1 179380275308581319172
-38 1 179380275308581319172
-38 3 177581492734041726516
-38 5 173998946050334257158
-38 7 168664390007155874550
-38 9 161629718740832828358
-38 11 152971998058265008194
-38 13 142799951773883536614
-38 15 131261605021250175042
-38 17 118552511681534481552
-38 19 104923606751405289594
-38 21 90687173570490047940
-38 23 76218703961269785984
-38 25 61951638590412981552
-38 27 48361313957925786282
-38 29 35934407909264454102
-38 31 25121512007553586842
-38 33 16274187467248486320
-38 35 9575314128365546466
-38 37 4982195278766255976
-38 39 2212017037506704142
-38 41 798353503373584548
-38 43 218874971181501954
-38 45 41200344306566514
-38 47 4480826012907120
-38 49 189706807114938
-34 -49 22391887735422
-34 -47 1398751964274501
-34 -45 20208515538802860
-34 -43 145780750468109502
-34 -41 671676626111777244
-34 -39 2244789914529384918
-34 -37 5896402293245069466
-34 -35 12872323582011281754
-34 -33 24329355870398566725
-34 -31 41048917173722123001
-34 -29 63277590656242232046
-34 -27 90713765550473619678
-34 -25 122599180395988658595
-34 -23 157859675552543244129
-34 -21 195250662958397328504
-34 -19 233481171394416679758
-34 -17 271306132996474114056
-34 -15 307586663884773003348
-34 -13 341323327566055278972
-34 -11 371669162719471462386
-34 -9 397929121100686073907
-34 -7 419551532319308871213
-34 -5 436115912669593602750
-34 -3 447320269499403976326
-34 -1 452970037059184531224
-34 1 452970037059184531224
-34 3 447320269499403976326
-34 5 436115912669593602750
-34 7 419551532319308871213
-34 9 397929121100686073907
-34 11 371669162719471462386
-34 13 341323327566055278972
-34 15 307586663884773003348
-34 17 271306132996474114056
-34 19 233481171394416679758
-34 21 195250662958397328504
-34 23 157859675552543244129
-34 25 122599180395988658595
-34 27 90713765550473619678
-34 29 63277590656242232046
-34 31 41048917173722123001
-34 33 24329355870398566725
-34 35 12872323582011281754
-34 37 5896402293245069466
-34 39 2244789914529384918
-34 41 671676626111777244
-34 43 145780750468109502
-34 45 20208515538802860
-34 47 1398751964274501
-34 49 22391887735422
-30 -47 285206417039754
-30 -45 7530791880044394
-30 -43 77709096063577746
-30 -41 464515740900688554
-30 -39 1905909698644997598
-30 -37 5919076395435960126
-30 -35 14849434223501601132
-30 -33 31530419142245156232
-30 -31 58669707902791855068
-30 -29 98230276765380989880
-30 -27 151025625069854234904
-30 -25 216600949907933355360
-30 -23 293352983923495083516
-30 -21 378792896292069887790
-30 -19 469860314435809131060
-30 -17 563223281791264610778
-30 -15 655528599918724600188
-30 -13 743590034026776294534
-30 -11 824516607761382866850
-30 -9 895790769654395359620
-30 -7 955308873090765031002
-30 -5 1001396176098062261598
-30 -3 1032806794829592843882
-30 -1 1048716874995160193334
-30 1 1048716874995160193334
-30 3 1032806794829592843882
-30 5 1001396176098062261598
-30 7 955308873090765031002
-30 9 895790769654395359620
-30 11 824516607761382866850
-30 13 743590034026776294534
-30 15 655528599918724600188
-30 17 563223281791264610778
-30 19 469860314435809131060
-30 21 378792896292069887790
-30 23 293352983923495083516
-30 25 216600949907933355360
-30 27 151025625069854234904
-30 29 98230276765380989880
-30 31 58669707902791855068
-30 33 31530419142245156232
-30 35 14849434223501601132
-30 37 5919076395435960126
-30 39 1905909698644997598
-30 41 464515740900688554
-30 43 77709096063577746
-30 45 7530791880044394
-30 47 285206417039754
-26 -47 29466887866452
-26 -45 2036189429697456
-26 -43 32646860517000672
-26 -41 262319557125355353
-26 -39 1348494683337501687
-26 -37 5022815928794987688
-26 -35 14647576147829553204
-26 -33 35286213152174613066
-26 -31 73041842414763914085
-26 -29 133852210882303163346
-26 -27 222204950476816990176
-26 -25 340194490042625408385
-26 -23 487113513384460445649
-26 -21 659551687951731256296
-26 -19 851854008627663897474
-26 -17 1056765006314136208431
-26 -15 1266114467862841126428
-26 -13 1471448958337906847838
-26 -11 1664559424431704562462
-26 -9 1837889809063901181801
-26 -7 1984833404079624048402
-26 -5 2099934865506128968494
-26 -3 2179019537871374605464
-26 -1 2219270559101530445574
-26 1 2219270559101530445574
-26 3 2179019537871374605464
-26 5 2099934865506128968494
-26 7 1984833404079624048402
-26 9 1837889809063901181801
-26 11 1664559424431704562462
-26 13 1471448958337906847838
-26 15 1266114467862841126428
-26 17 1056765006314136208431
-26 19 851854008627663897474
-26 21 659551687951731256296
-26 23 487113513384460445649
-26 25 340194490042625408385
-26 27 222204950476816990176
-26 29 133852210882303163346
-26 31 73041842414763914085
-26 33 35286213152174613066
-26 35 14647576147829553204
-26 37 5022815928794987688
-26 39 1348494683337501687
-26 41 262319557125355353
-26 43 32646860517000672
-26 45 2036189429697456
-26 47 29466887866452
-22 -45 363569053191606
-22 -43 10535886942636474
-22 -41 119809607091509916
-22 -39 791613336340767960
-22 -37 3593047225570897824
-22 -35 12323296124698799448
-22 -33 34005831605004318228
-22 -31 78962082929991816408
-22 -29 159552555991107341454
-22 -27 287880861521488048398
-22 -25 473240540886205542894
-22 -23 720082116002961465084
-22 -21 1026942465441823984368
-22 -19 1386394999825184378424
-22 -17 1785820500214925170878
-22 -15 2208695503414929038802
-22 -13 2636105706636665102604
-22 -11 3048259160958251452866
-22 -9 3425854964120510261616
-22 -7 3751234115272520908302
-22 -5 4009290704552279253042
-22 -3 4188153178504995546510
-22 -1 4279660467102523165014
-22 1 4279660467102523165014
-22 3 4188153178504995546510
-22 5 4009290704552279253042
-22 7 3751234115272520908302
-22 9 3425854964120510261616
-22 11 3048259160958251452866
-22 13 2636105706636665102604
-22 15 2208695503414929038802
-22 17 1785820500214925170878
-22 19 1386394999825184378424
-22 21 1026942465441823984368
-22 23 720082116002961465084
-22 25 473240540886205542894
-22 27 287880861521488048398
-22 29 159552555991107341454
-22 31 78962082929991816408
-22 33 34005831605004318228
-22 35 12323296124698799448
-22 37 3593047225570897824
-22 39 791613336340767960
-22 41 119809607091509916
-22 43 10535886942636474
-22 45 363569053191606
-18 -45 33238755047844
-18 -43 2493783646341084
-18 -41 43587616499965152
-18 -39 383249823844818717
-18 -37 2160656846420376078
-18 -35 8826703005492221526
-18 -33 28171133079751179009
-18 -31 73971001992663401274
-18 -29 165970732708083128238
-18 -27 327523720333159725030
-18 -25 581353748740104568929
-18 -23 944717331464044907724
-18 -21 1425346295144940649926
-18 -19 2019082212206190901494
-18 -17 2709479044123254123291
-18 -15 3469146281499467042793
-18 -13 4262336116623189176022
-18 -11 5048217110155225797414
-18 -9 5784345613347567134913
-18 -7 6429970412307035167023
-18 -5 6948934852161467734056
-18 -3 7312046819095673701992
-18 -1 7498861011704887809759
-18 1 7498861011704887809759
-18 3 7312046819095673701992
-18 5 6948934852161467734056
-18 7 6429970412307035167023
-18 9 5784345613347567134913
-18 11 5048217110155225797414
-18 13 4262336116623189176022
-18 15 3469146281499467042793
-18 17 2709479044123254123291
-18 19 2019082212206190901494
-18 21 1425346295144940649926
-18 23 944717331464044907724
-18 25 581353748740104568929
-18 27 327523720333159725030
-18 29 165970732708083128238
-18 31 73971001992663401274
-18 33 28171133079751179009
-18 35 8826703005492221526
-18 37 2160656846420376078
-18 39 383249823844818717
-18 41 43587616499965152
-18 43 2493783646341084
-18 45 33238755047844
-14 -43 394000829302932
-14 -41 12310262184235590
-14 -39 151602247453406436
-14 -37 1088224480989427140
-14 -35 5373707002984765944
-14 -33 20040165242795914632
-14 -31 59981915124702704592
-14 -29 150452619366819273750
-14 -27 326649200285266498962
-14 -25 629364744210488742360
-14 -23 1097439543748139737914
-14 -21 1759080004384892986188
-14 -19 2624403097271439809676
-14 -17 3680934178453905078144
-14 -15 4892772833772076057860
-14 -13 6203223392760929799576
-14 -11 7540096783349725110846
-14 -9 8822649243049326781038
-14 -7 9969141224010591539568
-14 -5 10904162022335682195012
-14 -3 11565078380985384149364
-14 -1 11907168559991164256616
-14 1 11907168559991164256616
-14 3 11565078380985384149364
-14 5 10904162022335682195012
-14 7 9969141224010591539568
-14 9 8822649243049326781038
-14 11 7540096783349725110846
-14 13 6203223392760929799576
-14 15 4892772833772076057860
-14 17 3680934178453905078144
-14 19 2624403097271439809676
-14 21 1759080004384892986188
-14 23 1097439543748139737914
-14 25 629364744210488742360
-14 27 326649200285266498962
-14 29 150452619366819273750
-14 31 59981915124702704592
-14 33 20040165242795914632
-14 35 5373707002984765944
-14 37 1088224480989427140
-14 39 151602247453406436
-14 41 12310262184235590
-14 43 394000829302932
-10 -43 32209710481890
-10 -41 2576757138581862
-10 -39 48258857729107539
-10 -37 456456298230129348
-10 -35 2774976204903403572
-10 -33 12232947559032900747
-10 -31 42084965395840614435
-10 -29 118792893149995997970
-10 -27 285353598678598846908
-10 -25 599756612236807367646
-10 -23 1127169794171699230455
-10 -21 1927080404221874527638
-10 -19 3038698076312715765282
-10 -17 4468501201593754211400
-10 -15 6182954817136329927564
-10 -13 8107840524286433212938
-10 -11 10134042167748714096114
-10 -9 12128462967663010309608
-10 -7 13948135871120721505359
-10 -5 15455452024427347779714
-10 -3 16532616172230605674206
-10 -1 17093789624963109271482
-10 1 17093789624963109271482
-10 3 16532616172230605674206
-10 5 15455452024427347779714
-10 7 13948135871120721505359
-10 9 12128462967663010309608
-10 11 10134042167748714096114
-10 13 8107840524286433212938
-10 15 6182954817136329927564
-10 17 4468501201593754211400
-10 19 3038698076312715765282
-10 21 1927080404221874527638
-10 23 1127169794171699230455
-10 25 599756612236807367646
-10 27 285353598678598846908
-10 29 118792893149995997970
-10 31 42084965395840614435
-10 33 12232947559032900747
-10 35 2774976204903403572
-10 37 456456298230129348
-10 39 48258857729107539
-10 41 2576757138581862
-10 43 32209710481890
-6 -41 363898158206076
-6 -39 12047687038975266
-6 -37 157989593161796544
-6 -35 1211527932243895296
-6 -33 6401927805480806544
-6 -31 25549622993437237242
-6 -29 81712276806986290116
-6 -27 218358218521772786718
-6 -25 502988688798328198008
-6 -23 1023035502830941994832
-6 -21 1872387510165695585214
-6 -19 3130728162710608017288
-6 -17 4840900956876641077728
-6 -15 6990418859288358028644
-6 -13 9501988645500831417024
-6 -11 12235423555261455091830
-6 -9 15000627683858096983842
-6 -7 17579200914625704973254
-6 -5 19750949976637767395502
-6 -3 21321183646216782398052
-6 -1 22144931699226521451840
-6 1 22144931699226521451840
-6 3 21321183646216782398052
-6 5 19750949976637767395502
-6 7 17579200914625704973254
-6 9 15000627683858096983842
-6 11 12235423555261455091830
-6 13 9501988645500831417024
-6 15 6990418859288358028644
-6 17 4840900956876641077728
-6 19 3130728162710608017288
-6 21 1872387510165695585214
-6 23 1023035502830941994832
-6 25 502988688798328198008
-6 27 218358218521772786718
-6 29 81712276806986290116
-6 31 25549622993437237242
-6 33 6401927805480806544
-6 35 1211527932243895296
-6 37 157989593161796544
-6 39 12047687038975266
-6 41 363898158206076
-2 -41 26873284763538
-2 -39 2252245160478051
-2 -37 44443608344489394
-2 -35 444745895547081528
-2 -33 2867719622194256472
-2 -31 13421369353996809252
-2 -29 48995459253458808300
-2 -27 146469634601865759198
-2 -25 371444857479772178814
-2 -23 820758807144337062015
-2 -21 1613538125016951791502
-2 -19 2869389927743780515986
-2 -17 4677671451066417072720
-2 -15 7065860251249940363343
-2 -13 9976101033235167800244
-2 -11 13256953972037316932976
-2 -9 16673390410210028917083
-2 -7 19933705236771176580009
-2 -5 22728446807522108705010
-2 -3 24774333563025898959474
-2 -1 25855546094112895459470
-2 1 25855546094112895459470
-2 3 24774333563025898959474
-2 5 22728446807522108705010
-2 7 19933705236771176580009
-2 9 16673390410210028917083
-2 11 13256953972037316932976
-2 13 9976101033235167800244
-2 15 7065860251249940363343
-2 17 4677671451066417072720
-2 19 2869389927743780515986
-2 21 1613538125016951791502
-2 23 820758807144337062015
-2 25 371444857479772178814
-2 27 146469634601865759198
-2 29 48995459253458808300
-2 31 13421369353996809252
-2 33 2867719622194256472
-2 35 444745895547081528
-2 37 44443608344489394
-2 39 2252245160478051
-2 41 26873284763538
2 -39 287163772251552
2 -37 9903365225208774
2 -35 136026643675082490
2 -33 1096182708919080606
2 -31 6097837974742741626
2 -29 25627316775502146066
2 -27 86219622576405339318
2 -25 241819917901108837254
2 -23 582654302262544795884
2 -21 1234237649818787524800
2 -19 2340768051552066347682
2 -17 4032765982926772214544
2 -15 6385792540050774028314
2 -13 9381960641592189041238
2 -11 12886561641528160144524
2 -9 16648461661730581428282
2 -7 20326635650700352518282
2 -5 23538522749571149530050
2 -3 25920663293316650768064
2 -1 27189382426419745132164
2 1 27189382426419745132164
2 3 25920663293316650768064
2 5 23538522749571149530050
2 7 20326635650700352518282
2 9 16648461661730581428282
2 11 12886561641528160144524
2 13 9381960641592189041238
2 15 6385792540050774028314
2 17 4032765982926772214544
2 19 2340768051552066347682
2 21 1234237649818787524800
2 23 582654302262544795884
2 25 241819917901108837254
2 27 86219622576405339318
2 29 25627316775502146066
2 31 6097837974742741626
2 33 1096182708919080606
2 35 136026643675082490
2 37 9903365225208774
2 39 287163772251552
6 -39 19346131816659
6 -37 1669698039919104
6 -35 34143312598677450
6 -33 355637020323447027
6 -31 2392890528729333285
6 -29 11698365420046744902
6 -27 44596079580450165300
6 -25 139005771657141967992
6 -23 366579008540584730568
6 -21 839249683836220018746
6 -19 1701785699913122569854
6 -17 3105312881012057520378
6 -15 5164393455001505808153
6 -13 7908518909198366153208
6 -11 11243668177976115858300
6 -9 14938549915771334409849
6 -7 18643703261750427853422
6 -5 21942278968124335387320
6 -3 24422266981608684731118
6 -1 25753843654089281487999
6 1 25753843654089281487999
6 3 24422266981608684731118
6 5 21942278968124335387320
6 7 18643703261750427853422
6 9 14938549915771334409849
6 11 11243668177976115858300
6 13 7908518909198366153208
6 15 5164393455001505808153
6 17 3105312881012057520378
6 19 1701785699913122569854
6 21 839249683836220018746
6 23 366579008540584730568
6 25 139005771657141967992
6 27 44596079580450165300
6 29 11698365420046744902
6 31 2392890528729333285
6 33 355637020323447027
6 35 34143312598677450
6 37 1669698039919104
6 39 19346131816659
10 -37 194117883244290
10 -35 6856402865150232
10 -33 97044901338674268
10 -31 808654358546574300
10 -29 4659527407171383630
10 -27 20291301956671659558
10 -25 70675621834772568834
10 -23 204802548668593171524
10 -21 508290375325344185700
10 -19 1104691102460036497242
10 -17 2139345377977741090056
10 -15 3743229609969969436254
10 -13 5983535224382303480004
10 -11 8816168175776228405664
10 -9 12058423921408832641566
10 -7 15395836730911958802240
10 -5 18427061423642050803762
10 -3 20738434980504129184656
10 -1 21989943001624690450170
10 1 21989943001624690450170
10 3 20738434980504129184656
10 5 18427061423642050803762
10 7 15395836730911958802240
10 9 12058423921408832641566
10 11 8816168175776228405664
10 13 5983535224382303480004
10 15 3743229609969969436254
10 17 2139345377977741090056
10 19 1104691102460036497242
10 21 508290375325344185700
10 23 204802548668593171524
10 25 70675621834772568834
10 27 20291301956671659558
10 29 4659527407171383630
10 31 808654358546574300
10 33 97044901338674268
10 35 6856402865150232
10 37 194117883244290
14 -37 12041563636584
14 -35 1052758380373326
14 -33 21942827154931446
14 -31 234093718898127603
14 -29 1617373547993591712
14 -27 8127328123464894378
14 -25 31836458041034090724
14 -23 101820603225972371040
14 -21 274826397822713777376
14 -19 641756493035113878540
14 -17 1321604299896781650012
14 -15 2436781990259404951011
14 -13 4071398760736854146352
14 -11 6223814284368789565380
14 -9 8771460615366616602153
14 -7 11465318324612244297537
14 -5 13962890986773269812290
14 -3 15895201444325646545628
14 -1 16950546748728757163817
14 1 16950546748728757163817
14 3 15895201444325646545628
14 5 13962890986773269812290
14 7 11465318324612244297537
14 9 8771460615366616602153
14 11 6223814284368789565380
14 13 4071398760736854146352
14 15 2436781990259404951011
14 17 1321604299896781650012
14 19 641756493035113878540
14 21 274826397822713777376
14 23 101820603225972371040
14 25 31836458041034090724
14 27 8127328123464894378
14 29 1617373547993591712
14 31 234093718898127603
14 33 21942827154931446
14 35 1052758380373326
14 37 12041563636584
18 -35 112694623329078
18 -33 4009304122615836
18 -31 57534812826217470
18 -29 487857870653227848
18 -27 2865412216671247530
18 -25 12722976996862122684
18 -23 45141517109167965216
18 -21 132982408053782312706
18 -19 334518164735870817504
18 -17 734012135049932011962
18 -15 1428386554990285519860
18 -13 2497655861410715704962
18 -11 3965308408704363465888
18 -9 5763023880465466557324
18 -7 7716891068904726506178
18 -5 9566925305378357831328
18 -3 11019680729405649950850
18 -1 11820165073102952194248
18 1 11820165073102952194248
18 3 11019680729405649950850
18 5 9566925305378357831328
18 7 7716891068904726506178
18 9 5763023880465466557324
18 11 3965308408704363465888
18 13 2497655861410715704962
18 15 1428386554990285519860
18 17 734012135049932011962
18 19 334518164735870817504
18 21 132982408053782312706
18 23 45141517109167965216
18 25 12722976996862122684
18 27 2865412216671247530
18 29 487857870653227848
18 31 57534812826217470
18 33 4009304122615836
18 35 112694623329078
22 -35 6490238472090
22 -33 566118118357110
22 -31 11831062697916777
22 -29 127214952071211396
22 -27 888223944099380868
22 -25 4514590191780905175
22 -23 17880096479328572625
22 -21 57726713642635919250
22 -19 156881661578202883392
22 -17 367556907966636876633
22 -15 756111667862482456905
22 -13 1385375118556378589190
22 -11 2286451231929135687492
22 -9 3429422852025347525016
22 -7 4706971962107658431400
22 -5 5942857067985905228898
22 -3 6928155872938160728560
22 -1 7475984090869540198617
22 1 7475984090869540198617
22 3 6928155872938160728560
22 5 5942857067985905228898
22 7 4706971962107658431400
22 9 3429422852025347525016
22 11 2286451231929135687492
22 13 1385375118556378589190
22 15 756111667862482456905
22 17 367556907966636876633
22 19 156881661578202883392
22 21 57726713642635919250
22 23 17880096479328572625
22 25 4514590191780905175
22 27 888223944099380868
22 29 127214952071211396
22 31 11831062697916777
22 33 566118118357110
22 35 6490238472090
26 -33 56318242116510
26 -31 1985933265323706
26 -29 28429843702177926
26 -27 241415057938075434
26 -25 1422414733718715210
26 -23 6336617825560113486
26 -21 22531668363437813730
26 -19 66375442904449542192
26 -17 166436579749617140418
26 -15 362552273441062442244
26 -13 696946598617480006140
26 -11 1196913435821021371428
26 -9 1854065897197537041864
26 -7 2609827961058166637358
26 -5 3357060516479832305580
26 -3 3962024629116023146716
26 -1 4301481884673596039910
26 1 4301481884673596039910
26 3 3962024629116023146716
26 5 3357060516479832305580
26 7 2609827961058166637358
26 9 1854065897197537041864
26 11 1196913435821021371428
26 13 696946598617480006140
26 15 362552273441062442244
26 17 166436579749617140418
26 19 66375442904449542192
26 21 22531668363437813730
26 23 6336617825560113486
26 25 1422414733718715210
26 27 241415057938075434
26 29 28429843702177926
26 31 1985933265323706
26 33 56318242116510
30 -33 3030985162548
30 -31 260339974434774
30 -29 5367718162603926
30 -27 57245684145565842
30 -25 397511953398884502
30 -23 2011078869591720618
30 -21 7923200032405537380
30 -19 25400932852813513164
30 -17 68352523877639989305
30 -15 157966824785615075790
30 -13 319037181767285712264
30 -11 570706837843859061768
30 -9 913699353097991928015
30 -7 1319753427077109975147
30 -5 1730213310497765510484
30 -3 2067754751914915030158
30 -1 2258924322602942069850
30 1 2258924322602942069850
30 3 2067754751914915030158
30 5 1730213310497765510484
30 7 1319753427077109975147
30 9 913699353097991928015
30 11 570706837843859061768
30 13 319037181767285712264
30 15 157966824785615075790
30 17 68352523877639989305
30 19 25400932852813513164
30 21 7923200032405537380
30 23 2011078869591720618
30 25 397511953398884502
30 27 57245684145565842
30 29 5367718162603926
30 31 260339974434774
30 33 3030985162548
34 -31 24265387830060
34 -29 835631160596640
34 -27 11743813521207594
34 -25 98280941735672460
34 -23 571657484341784862
34 -21 2514022304801214222
34 -19 8812970931057848316
34 -17 25531400491666028316
34 -15 62737894898002213380
34 -13 133329263477313156300
34 -11 248707226261234773116
34 -9 411864231720357632214
34 -7 610793362960404199884
34 -5 816453426002003362152
34 -3 988278672323305808352
34 -1 1086514684366821700986
34 1 1086514684366821700986
34 3 988278672323305808352
34 5 816453426002003362152
34 7 610793362960404199884
34 9 411864231720357632214
34 11 248707226261234773116
34 13 133329263477313156300
34 15 62737894898002213380
34 17 25531400491666028316
34 19 8812970931057848316
34 21 2514022304801214222
34 23 571657484341784862
34 25 98280941735672460
34 27 11743813521207594
34 29 835631160596640
34 31 24265387830060
38 -31 1225178483085
38 -29 102599834620302
38 -27 2055157753527666
38 -25 21394749397750362
38 -23 145403112081546333
38 -21 720481712406604452
38 -19 2777844897979259346
38 -17 8696850551931649095
38 -15 22781437439930883504
38 -13 51035569800525026694
38 -11 99396974658308544882
38 -9 170412182225548877583
38 -7 259634612592880667109
38 -5 354008521473696652104
38 -3 434134674451171366200
38 -1 480384388524239533746
38 1 480384388524239533746
38 3 434134674451171366200
38 5 354008521473696652104
38 7 259634612592880667109
38 9 170412182225548877583
38 11 99396974658308544882
38 13 51035569800525026694
38 15 22781437439930883504
38 17 8696850551931649095
38 19 2777844897979259346
38 21 720481712406604452
38 23 145403112081546333
38 25 21394749397750362
38 27 2055157753527666
38 29 102599834620302
38 31 1225178483085
42 -29 9014642749314
42 -27 299376139277340
42 -25 4067110966718376
42 -23 33013380123927360
42 -21 186535188512225676
42 -19 796721420786799096
42 -17 2708078393432981322
42 -15 7585310942489370132
42 -13 17950188516141104460
42 -11 36554121649001494170
42 -9 64947950768153921760
42 -7 101731130811307685988
42 -5 141554432847839610222
42 -3 175923105712551614592
42 -1 195954640694207273574
42 1 195954640694207273574
42 3 175923105712551614592
42 5 141554432847839610222
42 7 101731130811307685988
42 9 64947950768153921760
42 11 36554121649001494170
42 13 17950188516141104460
42 15 7585310942489370132
42 17 2708078393432981322
42 19 796721420786799096
42 21 186535188512225676
42 23 33013380123927360
42 25 4067110966718376
42 27 299376139277340
42 29 9014642749314
46 -29 427178522682
46 -27 34677408219498
46 -25 665564906272806
46 -23 6659553187079082
46 -21 43593829044526638
46 -19 208150453073491650
46 -17 772464386093201163
46 -15 2322072394973391951
46 -13 5818967687028677058
46 -11 12411224653400939574
46 -9 22879833036111365805
46 -7 36873658508803495623
46 -5 52388545866015312792
46 -3 66003422508027261360
46 -1 74017575222989647716
46 1 74017575222989647716
46 3 66003422508027261360
46 5 52388545866015312792
46 7 36873658508803495623
46 9 22879833036111365805
46 11 12411224653400939574
46 13 5818967687028677058
46 15 2322072394973391951
46 17 772464386093201163
46 19 208150453073491650
46 21 43593829044526638
46 23 6659553187079082
46 25 665564906272806
46 27 34677408219498
46 29 427178522682
50 -27 2880646988670
50 -25 91405590698862
50 -23 1183455269833716
50 -21 9173975803456338
50 -19 49549746604350618
50 -17 202178178984945834
50 -15 655160762970095652
50 -13 1743682095630390726
50 -11 3903011098252027434
50 -9 7475450170566122910
50 -7 12407314859489464236
50 -5 18010036828730238192
50 -3 23011111341331935624
50 -1 25984750608232281090
50 1 25984750608232281090
50 3 23011111341331935624
50 5 18010036828730238192
50 7 12407314859489464236
50 9 7475450170566122910
50 11 3903011098252027434
50 13 1743682095630390726
50 15 655160762970095652
50 17 202178178984945834
50 19 49549746604350618
50 21 9173975803456338
50 23 1183455269833716
50 25 91405590698862
50 27 2880646988670
54 -27 127624906032
54 -25 10034631781623
54 -23 182456612671968
54 -21 1729737415291986
54 -19 10737262039197780
54 -17 48604825969559991
54 -15 170724950894265237
54 -13 484287970060802826
54 -11 1140312108566406168
54 -9 2272754719618256232
54 -7 3888997209767933604
54 -5 5771629858196768796
54 -3 7481711435347407420
54 -1 8509080072000830148
54 1 8509080072000830148
54 3 7481711435347407420
54 5 5771629858196768796
54 7 3888997209767933604
54 9 2272754719618256232
54 11 1140312108566406168
54 13 484287970060802826
54 15 170724950894265237
54 17 48604825969559991
54 19 10737262039197780
54 21 1729737415291986
54 23 182456612671968
54 25 10034631781623
54 27 127624906032
58 -25 787117466628
58 -23 23745120223752
58 -21 289446932067372
58 -19 2111923414509066
58 -17 10733445218628504
58 -15 41152258892117592
58 -13 124964484720954966
58 -11 310405393297440558
58 -9 645018431802527952
58 -7 1139334197082950862
58 -5 1730193832361111310
58 -3 2276633845111833000
58 -1 2608420124069123328
58 1 2608420124069123328
58 3 2276633845111833000
58 5 1730193832361111310
58 7 1139334197082950862
58 9 645018431802527952
58 11 310405393297440558
58 13 124964484720954966
58 15 41152258892117592
58 17 10733445218628504
58 19 2111923414509066
58 21 289446932067372
58 23 23745120223752
58 25 787117466628
62 -25 32329493874
62 -23 2472739833951
62 -21 42251203742976
62 -19 374782348501938
62 -17 2173918266720405
62 -15 9181921065899490
62 -13 30013752438007488
62 -11 78925050892737018
62 -9 171384071110196310
62 -7 312969204259548759
62 -5 486803161520140806
62 -3 650583261692503254
62 -1 751120805676134106
62 1 751120805676134106
62 3 650583261692503254
62 5 486803161520140806
62 7 312969204259548759
62 9 171384071110196310
62 11 78925050892737018
62 13 30013752438007488
62 15 9181921065899490
62 17 2173918266720405
62 19 374782348501938
62 21 42251203742976
62 23 2472739833951
62 25 32329493874
66 -23 181986315192
66 -21 5219497757412
66 -19 59324036196438
66 -17 402205898141082
66 -15 1894974211386990
66 -13 6716465162076276
66 -11 18781848804447072
66 -9 42741790938134190
66 -7 80843622539678586
66 -5 128950260707596680
66 -3 175158495926765100
66 -1 203846945176812798
66 1 203846945176812798
66 3 175158495926765100
66 5 128950260707596680
66 7 80843622539678586
66 9 42741790938134190
66 11 18781848804447072
66 13 6716465162076276
66 15 1894974211386990
66 17 402205898141082
66 19 59324036196438
66 21 5219497757412
66 23 181986315192
70 -23 6838688088
70 -21 513561934314
70 -19 8211457625832
70 -17 67444758812160
70 -15 360720215656560
70 -13 1400004639626868
70 -11 4187689689047490
70 -9 10024245347064579
70 -7 19684613110666095
70 -5 32246061453312894
70 -3 44557988856049584
70 -1 52292961182535678
70 1 52292961182535678
70 3 44557988856049584
70 5 32246061453312894
70 7 19684613110666095
70 9 10024245347064579
70 11 4187689689047490
70 13 1400004639626868
70 15 360720215656560
70 17 67444758812160
70 19 8211457625832
70 21 513561934314
70 23 6838688088
74 -21 35029495224
74 -19 960406039080
74 -17 10106478409590
74 -15 62967490915698
74 -13 271221044545026
74 -11 874678963531410
74 -9 2213006257044342
74 -7 4525507564403670
74 -5 7628066953219692
74 -3 10734746672320110
74 -1 12710959431331770
74 1 12710959431331770
74 3 10734746672320110
74 5 7628066953219692
74 7 4525507564403670
74 9 2213006257044342
74 11 874678963531410
74 13 271221044545026
74 15 62967490915698
74 17 10106478409590
74 19 960406039080
74 21 35029495224
78 -21 1182732462
78 -19 88398279828
78 -17 1323018091809
78 -15 9975473136810
78 -13 48607068308832
78 -11 170820826731936
78 -9 459739232100333
78 -7 982958885152749
78 -5 1709054945153244
78 -3 2452951915196292
78 -1 2932469246159298
78 1 2932469246159298
78 3 2452951915196292
78 5 1709054945153244
78 7 982958885152749
78 9 459739232100333
78 11 170820826731936
78 13 48607068308832
78 15 9975473136810
78 17 1323018091809
78 19 88398279828
78 21 1182732462
82 -19 5482049544
82 -17 145322488152
82 -15 1409847735600
82 -13 7993454656752
82 -11 31060199144700
82 -9 89700528983832
82 -7 201570117088536
82 -5 362690290353762
82 -3 531894991343400
82 -1 642556727222796
82 1 642556727222796
82 3 531894991343400
82 5 362690290353762
82 7 201570117088536
82 9 89700528983832
82 11 31060199144700
82 13 7993454656752
82 15 1409847735600
82 17 145322488152
82 19 5482049544
86 -19 162478548
86 -17 12291188346
86 -15 173234419011
86 -13 1190143851084
86 -11 5223679214850
86 -9 16372874704329
86 -7 38941666783029
86 -5 72810254427084
86 -3 109378212874290
86 -1 133665295460283
86 1 133665295460283
86 3 109378212874290
86 5 72810254427084
86 7 38941666783029
86 9 16372874704329
86 11 5223679214850
86 13 1190143851084
86 15 173234419011
86 17 12291188346
86 19 162478548
90 -17 674198964
90 -15 17587117224
90 -13 157251321378
90 -11 803465829468
90 -9 2777805479754
90 -7 7057827606312
90 -5 13790783130012
90 -3 21285555258960
90 -1 26352740990646
90 1 26352740990646
90 3 21285555258960
90 5 13790783130012
90 7 7057827606312
90 9 2777805479754
90 11 803465829468
90 13 157251321378
90 15 17587117224
90 17 674198964
94 -17 17033652
94 -15 1328100300
94 -13 17872461594
94 -11 111183187140
94 -9 434273224878
94 -7 1193024241540
94 -5 2453784709590
94 -3 3906916555482
94 -1 4909649978538
94 1 4909649978538
94 3 3906916555482
94 5 2453784709590
94 7 1193024241540
94 9 434273224878
94 11 111183187140
94 13 17872461594
94 15 1328100300
94 17 17033652
98 -15 61986384
98 -13 1629261864
98 -11 13518399906
98 -9 61545468114
98 -7 186346140840
98 -5 407246115420
98 -3 673019467434
98 -1 860144529870
98 1 860144529870
98 3 673019467434
98 5 407246115420
98 7 186346140840
98 9 61545468114
98 11 13518399906
98 13 1629261864
98 15 61986384
102 -15 1286388
102 -13 105020064
102 -11 1382040954
102 -9 7768997415
102 -7 26580349584
102 -5 62616193506
102 -3 107972212194
102 -1 140929728471
102 1 140929728471
102 3 107972212194
102 5 62616193506
102 7 26580349584
102 9 7768997415
102 11 1382040954
102 13 105020064
102 15 1286388
106 -13 3943080
106 -11 107413776
106 -9 843606252
106 -7 3378427704
106 -5 8762825916
106 -3 15965308656
106 -1 21363967242
106 1 21363967242
106 3 15965308656
106 5 8762825916
106 7 3378427704
106 9 843606252
106 11 107413776
106 13 3943080
110 -13 63990
110 -11 5499414
110 -9 73335294
110 -7 376979751
110 -5 1102879476
110 -3 2157667308
110 -1 2967175962
110 1 2967175962
110 3 2157667308
110 5 1102879476
110 7 376979751
110 9 73335294
110 11 5499414
110 13 63990
114 -11 151632
114 -9 4404672
114 -7 34084800
114 -5 119496384
114 -3 254435094
114 -1 368559396
114 1 368559396
114 3 254435094
114 5 119496384
114 7 34084800
114 9 4404672
114 11 151632
118 -11 1782
118 -9 157302
118 -7 2228310
118 -5 10990242
118 -3 26887950
118 -1 40580433
118 1 40580433
118 3 26887950
118 5 10990242
118 7 2228310
118 9 157302
118 11 1782
122 -9 2592
122 -7 81648
122 -5 664848
122 -3 2119608
122 -1 3420792
122 1 3420792
122 3 2119608
122 5 664848
122 7 81648
122 9 2592
126 -9 18
126 -7 1458
126 -5 23328
126 -3 127008
126 -1 285687
126 1 285687
126 3 127008
126 5 23328
126 7 1458
126 9 18
